0.00810390534100997
0.0139939370603132
0.0189108907005556
0.021803537522689
0.0217399615153303
0.018071034796849
0.0105770108900642
-0.000425370764916858
-0.0140346086299292
-0.0287881031065154
-0.0427623447120998
-0.0537444050649743
-0.0594596869136981
-0.0578323820105221
-0.0472491150953144
-0.0267937558959265
0.00357712978653457
0.0429432458347234
0.0894300811571629
0.140323745741493
0.192283467119808
0.241632137861872
0.284695370994223
0.318152911276251
0.339363873552125
0.346629513548268
0.339363873552125
0.318152911276251
0.284695370994223
0.241632137861872
0.192283467119808
0.140323745741493
0.0894300811571629
0.0429432458347234
0.00357712978653457
-0.0267937558959265
-0.0472491150953144
-0.0578323820105221
-0.0594596869136981
-0.0537444050649743
-0.0427623447120998
-0.0287881031065154
-0.0140346086299292
-0.000425370764916858
0.0105770108900642
0.018071034796849
0.0217399615153303
0.021803537522689
0.0189108907005556
0.0139939370603132
0.00810390534100997
