0
0.00405195267050499
0.0110489212006616
0.0205043665509394
0.0314061353122839
0.038224163399444
0.0362107595972069
0.0250468511618047
0.00447695166772396
-0.0243121021662503
-0.0545596992050926
-0.0792159732039376
-0.0947115819185641
-0.0968542215663678
-0.0825873071843969
-0.0545830953371618
-0.016451496753793
0.0305625203109499
0.0830929738813763
0.137165657625644
0.192720196597119
0.248941766680387
0.301272195629218
0.346374386977321
0.381216286000432
0.399201950245116
0.395479068005047
0.370482890335167
0.325380698987063
0.263204548685001
0.192720196597119
0.12290287562103
0.058984470523531
0.00645401695310463
-0.0307142787584072
-0.0545830953371618
-0.0683245251797824
-0.0727457182085224
-0.0706030785607187
-0.0649531911993232
-0.0545596992050927
-0.0385748841708647
-0.0196315516901214
0.000938347803959262
0.0219479775925925
0.0382241633994438
0.045668917316898
0.0446128699087843
0.0351574245585064
0.0183147346751189
-4.82253126321552e-16
-0.0142627820046149
-0.024108503357846
-0.024108503357846
-0.0142627820046152
-1.0502499842683e-15
0.0142627820046133
0.024108503357844
0.0241085033578439
0.0142627820046131
-1.37935532427288e-15
-0.0142627820046157
-0.0241085033578465
-0.0241085033578463
-0.0142627820046152
-5.62542526647501e-16
0.0142627820046141
0.0241085033578452
0.0241085033578456
0.014262782004615
8.11350265014515e-16
-0.0142627820046133
-0.0241085033578442
-0.0241085033578441
-0.0142627820046132
9.72420270592748e-16
0.014262782004615
0.0241085033578455
0.0241085033578451
0.0142627820046139
-8.28213580654883e-16
-0.0142627820046156
-0.0241085033578468
-0.0241085033578468
-0.014262782004616
-1.6143199110879e-15
0.014262782004613
0.0241085033578442
0.0241085033578445
0.0142627820046141
1.27368893737022e-16
-0.0142627820046138
-0.0241085033578443
-0.0241085033578441
-0.014262782004613
1.42099688900794e-15
0.0142627820046157
0.0241085033578465
0.0241085033578462
0.014262782004615
2.72136061112863e-16
-0.0142627820046144
-0.0241085033578456
-0.0241085033578459
-0.0142627820046153
-1.20095540206279e-15
0.014262782004613
0.0241085033578437
0.0241085033578436
0.0142627820046126
-1.68071328997344e-15
-0.014262782004616
-0.0241085033578467
-0.0241085033578468
-0.0142627820046155
-1.15733715429205e-15
0.0142627820046134
0.0241085033578444
0.0241085033578446
0.014262782004614
-1.74887637690702e-16
-0.0142627820046142
-0.0241085033578448
-0.0241085033578444
-0.0142627820046132
1.41897736840482e-15
0.014262782004616
0.0241085033578471
0.0241085033578472
0.0142627820046163
1.84721393842075e-15
-0.0142627820046127
-0.0241085033578439
-0.0241085033578443
-0.0142627820046139
-1.95800026858268e-16
0.0142627820046136
0.0241085033578438
0.0241085033578432
0.0142627820046117
-2.86627990667955e-15
-0.0142627820046174
-0.0241085033578482
-0.0241085033578481
-0.0142627820046169
-2.15058322341281e-15
0.0142627820046126
0.0241085033578439
0.0241085033578444
0.0142627820046138
-1.46147821213042e-16
-0.0142627820046143
-0.0241085033578451
-0.0241085033578451
-0.0142627820046142
2.32754528574401e-17
0.0142627820046143
0.024108503357845
0.0241085033578451
0.0142627820046142
-2.41593357828283e-18
-0.0142627820046141
-0.0241085033578445
-0.024108503357844
-0.0142627820046126
2.22281914526116e-15
0.0142627820046171
0.0241085033578484
0.0241085033578485
0.0142627820046176
3.12296977325442e-15
-0.0142627820046115
-0.0241085033578429
-0.0241085033578436
-0.0142627820046135
4.80619032637462e-17
0.0142627820046136
0.0241085033578437
0.024108503357843
0.0142627820046114
-3.28848251882099e-15
-0.0142627820046179
-0.0241085033578488
-0.0241085033578485
-0.0142627820046173
-2.38063663823865e-15
0.0142627820046126
0.0241085033578442
0.0241085033578448
0.0142627820046144
5.21055909558953e-16
-0.0142627820046136
-0.0241085033578443
-0.0241085033578442
-0.0142627820046135
3.92037473249785e-16
0.0142627820046142
0.0241085033578445
0.0241085033578438
0.0142627820046123
-2.61937957883657e-15
-0.0142627820046172
-0.0241085033578483
-0.0241085033578483
-0.0142627820046172
-2.54320032323784e-15
0.0142627820046123
0.0241085033578435
0.0241085033578439
0.0142627820046135
-4.65439018550877e-16
-0.0142627820046145
-0.024108503357845
-0.0241085033578448
-0.0142627820046138
7.08257467620194e-16
0.0142627820046152
0.0241085033578461
0.0241085033578461
0.0142627820046152
7.9752534709511e-16
-0.0142627820046138
-0.0241085033578449
-0.0241085033578452
-0.0142627820046148
-7.97568184662545e-16
0.014262782004613
0.0241085033578434
0.0241085033578429
0.0142627820046117
-2.60658810964889e-15
-0.0142627820046169
-0.0241085033578474
-0.0241085033578469
-0.0142627820046152
-1.06562244346274e-16
0.0142627820046152
0.0241085033578469
0.0241085033578479
0.0142627820046179
4.124224652276e-15
-0.0142627820046097
-0.0241085033578402
-0.02410850335784
-0.014262782004609
5.37507826460556e-15
0.0142627820046196
0.0241085033578504
0.0241085033578503
0.0142627820046193
5.09575547395788e-15
-0.0142627820046092
-0.0241085033578401
-0.02410850335784
-0.0142627820046092
4.93784227352454e-15
0.0142627820046189
0.0241085033578491
0.0241085033578481
0.014262782004616
4.28763326702765e-16
-0.0142627820046153
-0.0241085033578475
-0.0241085033578489
-0.0142627820046191
-5.80924671473788e-15
0.0142627820046078
0.0241085033578384
0.0241085033578383
0.0142627820046077
-5.85778887510231e-15
-0.0142627820046192
-0.0241085033578489
-0.0241085033578476
-0.0142627820046152
5.46694426106267e-16
0.0142627820046161
0.0241085033578481
0.024108503357849
0.0142627820046188
5.05023801697472e-15
-0.0142627820046089
-0.0241085033578396
-0.0241085033578394
-0.0142627820046085
5.55649014959241e-15
0.0142627820046197
0.0241085033578501
0.0241085033578497
0.0142627820046184
3.75140718805419e-15
-0.0142627820046108
-0.0241085033578417
-0.0241085033578417
-0.0142627820046105
4.19638126929173e-15
0.014262782004619
0.0241085033578502
0.0241085033578507
0.01426278200462
5.92336665511203e-15
-0.0142627820046084
-0.0241085033578394
-0.0241085033578399
-0.0142627820046095
4.07273884791127e-15
0.0142627820046174
0.0241085033578475
0.0241085033578464
0.0142627820046146
-3.90941122308678e-16
-0.0142627820046153
-0.0241085033578464
-0.0241085033578463
-0.0142627820046151
-2.43338835453896e-16
0.0142627820046148
0.0241085033578465
0.0241085033578474
0.0142627820046173
3.67533638051583e-15
-0.0142627820046101
-0.0241085033578404
-0.02410850335784
-0.0142627820046088
5.57136858088549e-15
0.0142627820046199
0.0241085033578507
0.0241085033578505
0.0142627820046197
5.22973429012592e-15
-0.0142627820046092
-0.02410850335784
-0.0241085033578399
-0.0142627820046092
4.69698227385831e-15
0.0142627820046185
0.0241085033578485
0.0241085033578475
0.0142627820046155
-2.4266064021728e-17
-0.0142627820046155
-0.0241085033578476
-0.0241085033578484
-0.0142627820046184
-4.80110581170081e-15
0.014262782004609
0.0241085033578395
0.0241085033578394
0.0142627820046085
-5.61692887543608e-15
-0.0142627820046197
-0.0241085033578501
-0.0241085033578497
-0.0142627820046184
-3.7603574012496e-15
0.0142627820046108
0.0241085033578417
0.0241085033578417
0.0142627820046105
-4.21518663171195e-15
-0.0142627820046191
-0.0241085033578503
-0.0241085033578506
-0.0142627820046201
-5.84211124755664e-15
0.0142627820046084
0.0241085033578394
0.0241085033578398
0.0142627820046095
-4.12623867985103e-15
-0.0142627820046175
-0.0241085033578474
-0.0241085033578464
-0.0142627820046145
6.59546665269563e-16
0.0142627820046156
0.0241085033578469
0.0241085033578468
0.0142627820046157
7.24133834114991e-16
-0.0142627820046145
-0.0241085033578465
-0.0241085033578478
-0.0142627820046181
-4.85002076956765e-15
0.0142627820046086
0.0241085033578387
0.0241085033578383
0.0142627820046075
-6.35345227273551e-15
-0.0142627820046198
-0.0241085033578495
-0.024108503357848
-0.0142627820046156
2.29163892957573e-16
0.0142627820046161
0.0241085033578482
0.0241085033578491
0.0142627820046188
5.16519728288536e-15
-0.0142627820046089
-0.0241085033578395
-0.0241085033578394
-0.0142627820046086
5.53867539833648e-15
0.0142627820046196
0.02410850335785
0.0241085033578497
0.0142627820046184
4.04677769546642e-15
-0.0142627820046103
-0.0241085033578411
-0.0241085033578411
-0.0142627820046099
4.42836669857645e-15
0.0142627820046188
0.0241085033578497
0.0241085033578496
0.0142627820046187
4.18564124867944e-15
-0.0142627820046102
-0.0241085033578412
-0.0241085033578411
-0.0142627820046101
4.45044104917805e-15
0.0142627820046191
0.0241085033578503
0.0241085033578506
0.01426278200462
5.62901685582701e-15
-0.0142627820046089
-0.02410850335784
-0.0241085033578404
-0.01426278200461
3.36788792503365e-15
0.0142627820046169
0.0241085033578469
0.0241085033578462
0.0142627820046148
2.72276437145502e-16
-0.0142627820046141
-0.0241085033578446
-0.0241085033578442
-0.0142627820046128
1.82736780323137e-15
0.0142627820046162
0.0241085033578469
0.0241085033578464
0.0142627820046146
-1.10847777459717e-15
-0.0142627820046172
-0.0241085033578498
-0.0241085033578516
-0.0142627820046225
-9.44842046575275e-15
0.0142627820046039
0.0241085033578341
0.024108503357834
0.0142627820046036
-9.35179805730408e-15
-0.0142627820046222
-0.0241085033578512
-0.024108503357849
-0.0142627820046163
-6.63866458541065e-16
0.0142627820046147
0.0241085033578459
0.0241085033578459
0.0142627820046147
-1.17387940093436e-16
-0.0142627820046149
-0.024108503357846
-0.0241085033578458
-0.0142627820046145
8.84764550920122e-16
0.0142627820046166
0.0241085033578491
0.024108503357851
0.0142627820046219
9.22804447957973e-15
-0.0142627820046039
-0.0241085033578341
-0.0241085033578341
-0.0142627820046036
9.88308092512818e-15
0.014262782004623
0.0241085033578522
0.0241085033578503
0.0142627820046176
1.63138467396093e-15
-0.0142627820046141
-0.024108503357846
-0.0241085033578467
-0.0142627820046162
-2.33505357076257e-15
0.0142627820046118
0.0241085033578426
0.0241085033578426
0.0142627820046117
-2.40137035309905e-15
-0.0142627820046164
-0.0241085033578467
-0.0241085033578459
-0.014262782004614
1.7948459709521e-15
0.0142627820046177
0.0241085033578504
0.0241085033578521
0.0142627820046229
9.77781746741776e-15
-0.0142627820046038
-0.0241085033578341
-0.0241085033578341
-0.0142627820046038
9.34987241314746e-15
0.0142627820046221
0.024108503357851
0.0241085033578491
0.0142627820046164
7.28242147832856e-16
-0.0142627820046146
-0.0241085033578459
-0.0241085033578459
-0.0142627820046147
-1.63766882374275e-17
0.0142627820046148
0.024108503357846
0.0241085033578459
0.0142627820046146
-8.06511073820517e-16
-0.0142627820046165
-0.0241085033578491
-0.0241085033578511
-0.0142627820046221
-9.73650937872158e-15
0.014262782004603
0.024108503357833
0.0241085033578328
0.0142627820046025
-1.03599389603412e-14
-0.0142627820046228
-0.0241085033578511
-0.0241085033578483
-0.0142627820046147
1.78756437650871e-15
0.0142627820046177
0.0241085033578493
0.0241085033578491
0.0142627820046174
1.45573968912298e-15
-0.014262782004615
-0.0241085033578483
-0.024108503357851
-0.0142627820046224
-1.05554702096524e-14
0.014262782004602
0.0241085033578319
0.0241085033578318
0.0142627820046015
-1.10424659007038e-14
-0.0142627820046229
-0.0241085033578511
-0.0241085033578482
-0.0142627820046146
1.95392647993274e-15
0.0142627820046179
0.0241085033578494
0.0241085033578492
0.0142627820046172
1.23386643446769e-15
-0.0142627820046153
-0.0241085033578485
-0.0241085033578509
-0.0142627820046222
-1.03891081062283e-14
0.0142627820046023
0.024108503357832
0.0241085033578317
0.0142627820046012
-1.17084283652092e-14
-0.014262782004624
-0.0241085033578523
-0.0241085033578494
-0.0142627820046156
1.56517707104419e-15
0.0142627820046183
0.0241085033578505
0.0241085033578511
0.0142627820046198
4.0789842853394e-15
-0.0142627820046126
-0.0241085033578462
-0.0241085033578496
-0.0142627820046223
-1.11733744676396e-14
0.0142627820046002
0.0241085033578284
0.0241085033578265
0.0142627820045945
-1.98614573520304e-14
-0.0142627820046335
-0.0241085033578628
-0.0241085033578606
-0.0142627820046273
-1.03629529000421e-14
0.0142627820046066
0.0241085033578395
0.0241085033578413
0.0142627820046118
-1.35399829115022e-15
-0.0142627820046148
-0.0241085033578446
-0.0241085033578437
-0.0142627820046118
3.62017598522087e-15
0.0142627820046192
0.0241085033578511
0.0241085033578521
0.0142627820046224
9.33757954588095e-15
-0.0142627820046041
-0.0241085033578343
-0.0241085033578339
-0.0142627820046034
9.80130143444259e-15
0.0142627820046226
0.024108503357851
0.0241085033578484
0.0142627820046149
-1.56468044604719e-15
-0.0142627820046175
-0.0241085033578493
-0.0241085033578492
-0.0142627820046176
-1.65086804396888e-15
0.0142627820046149
0.0241085033578483
0.024108503357851
0.0142627820046227
1.02648759912248e-14
-0.0142627820046026
-0.0241085033578328
-0.024108503357833
-0.0142627820046029
9.82038124807965e-15
0.0142627820046222
0.024108503357851
0.0241085033578491
0.0142627820046164
7.11448104704128e-16
-0.0142627820046146
-0.024108503357846
-0.0241085033578459
-0.0142627820046147
6.98062939303729e-17
0.0142627820046149
0.024108503357846
0.0241085033578459
0.0142627820046145
-8.37182904757059e-16
-0.0142627820046165
-0.0241085033578491
-0.0241085033578511
-0.014262782004622
-9.72665422949676e-15
0.014262782004603
0.024108503357833
0.0241085033578329
0.0142627820046025
-1.04946941998363e-14
-0.0142627820046228
-0.0241085033578511
-0.0241085033578483
-0.0142627820046147
1.78354173792572e-15
0.0142627820046178
0.0241085033578493
0.0241085033578492
0.0142627820046173
1.3903733886669e-15
-0.0142627820046151
-0.0241085033578484
-0.0241085033578509
-0.0142627820046224
-1.04762261213885e-14
0.014262782004602
0.024108503357832
0.0241085033578317
0.0142627820046014
-1.10661988377364e-14
-0.0142627820046231
-0.0241085033578512
-0.0241085033578482
-0.0142627820046144
1.93602605354193e-15
0.014262782004618
0.0241085033578494
0.0241085033578491
0.0142627820046171
1.22401128524287e-15
-0.0142627820046153
-0.0241085033578485
-0.0241085033578509
-0.0142627820046222
-9.42168559826432e-15
0.0142627820046038
0.0241085033578341
0.0241085033578341
0.0142627820046037
-9.63661534326181e-15
-0.0142627820046228
-0.0241085033578523
-0.024108503357851
-0.0142627820046188
-3.22668236123479e-15
0.0142627820046122
0.0241085033578438
0.0241085033578445
0.0142627820046144
1.00213803058758e-15
-0.0142627820046123
-0.0241085033578414
-0.0241085033578394
-0.0142627820046062
1.07148131606047e-14
0.0142627820046277
0.0241085033578607
0.0241085033578626
0.0142627820046331
1.95069104034183e-14
-0.0142627820045949
-0.0241085033578266
-0.0241085033578283
-0.0142627820045998
1.15391125160101e-14
0.0142627820046226
0.0241085033578498
0.0241085033578461
0.0142627820046122
-4.41696675809422e-15
-0.0142627820046202
-0.0241085033578513
-0.0241085033578504
-0.0142627820046179
-1.19943902267374e-15
0.0142627820046159
0.0241085033578495
0.0241085033578521
0.0142627820046235
1.08265254799001e-14
-0.0142627820046024
-0.0241085033578328
-0.0241085033578331
-0.014262782004603
9.67775208168825e-15
0.014262782004622
0.024108503357851
0.0241085033578491
0.0142627820046165
7.98566119864266e-16
-0.0142627820046145
-0.0241085033578458
-0.0241085033578459
-0.0142627820046148
-4.50672968453942e-17
0.0142627820046147
0.0241085033578459
0.0241085033578459
0.0142627820046146
-6.25164799326591e-16
-0.0142627820046164
-0.0241085033578491
-0.0241085033578511
-0.0142627820046221
-9.80683335075299e-15
0.0142627820046029
0.024108503357833
0.0241085033578329
0.0142627820046026
-1.03312483517332e-14
-0.0142627820046227
-0.0241085033578511
-0.0241085033578484
-0.0142627820046149
1.63397367763041e-15
0.0142627820046176
0.0241085033578492
0.0241085033578493
0.0142627820046176
1.52606366115439e-15
-0.0142627820046149
-0.0241085033578483
-0.024108503357851
-0.0142627820046226
-1.0611916393876e-14
0.0142627820046019
0.0241085033578319
0.0241085033578317
0.0142627820046016
-1.09443863530568e-14
-0.0142627820046229
-0.0241085033578511
-0.0241085033578482
-0.0142627820046146
1.8558469322857e-15
0.0142627820046178
0.0241085033578494
0.0241085033578492
0.0142627820046173
1.36664045163427e-15
-0.0142627820046151
-0.0241085033578484
-0.0241085033578509
-0.0142627820046223
-1.04663709721637e-14
0.0142627820046021
0.0241085033578319
0.0241085033578317
0.0142627820046014
-1.11593207138082e-14
-0.0142627820046231
-0.0241085033578512
-0.0241085033578482
-0.0142627820046144
2.07078129303708e-15
0.014262782004618
0.0241085033578494
0.024108503357849
0.014262782004617
1.14476719697898e-15
-0.0142627820046154
-0.0241085033578485
-0.0241085033578508
-0.0142627820046221
-9.80040850765831e-15
0.0142627820046031
0.0241085033578331
0.0241085033578328
0.0142627820046024
-1.08260824561509e-14
-0.0142627820046235
-0.0241085033578524
-0.0241085033578502
-0.014262782004617
-7.74336557834622e-16
0.0142627820046154
0.0241085033578472
0.0241085033578478
0.014262782004617
2.42169502556765e-15
-0.0142627820046125
-0.0241085033578439
-0.0241085033578444
-0.0142627820046141
-1.41639543689189e-16
0.014262782004614
0.0241085033578446
0.0241085033578446
0.0142627820046137
-6.6737043056094e-16
-0.0142627820046151
-0.0241085033578458
-0.0241085033578457
-0.0142627820046146
5.81593603645031e-17
0.0142627820046149
0.0241085033578457
0.0241085033578457
0.0142627820046148
9.09187504785618e-16
-0.0142627820046131
-0.0241085033578435
-0.0241085033578433
-0.0142627820046125
9.26778767242782e-16
0.0142627820046142
0.0241085033578434
0.0241085033578417
0.0142627820046094
-5.6632026911044e-15
-0.0142627820046201
-0.0241085033578501
-0.0241085033578484
-0.0142627820046149
2.46847088280006e-15
0.0142627820046204
0.024108503357855
0.0241085033578586
0.014262782004631
1.95792356624202e-14
-0.0142627820045928
-0.0241085033578225
-0.0241085033578225
-0.0142627820045927
1.96990021150916e-14
0.0142627820046312
0.0241085033578587
0.024108503357855
0.0142627820046202
2.30707106670525e-15
-0.0142627820046151
-0.0241085033578484
-0.0241085033578501
-0.01426278200462
-5.56425292014476e-15
0.0142627820046096
0.0241085033578418
0.0241085033578434
0.014262782004614
7.86195632859695e-16
-0.0142627820046127
-0.0241085033578433
-0.0241085033578434
-0.014262782004613
2.17103370699837e-16
0.0142627820046134
0.0241085033578436
0.0241085033578432
0.0142627820046123
-1.14564005912131e-15
-0.0142627820046144
-0.0241085033578436
-0.0241085033578416
-0.0142627820046092
5.89594177079075e-15
0.0142627820046204
0.0241085033578502
0.0241085033578483
0.0142627820046147
-2.73590443200594e-15
-0.0142627820046207
-0.0241085033578551
-0.0241085033578585
-0.0142627820046308
-1.933955768883e-14
0.014262782004593
0.0241085033578227
0.0241085033578225
0.0142627820045924
-1.99386800886818e-14
-0.0142627820046314
-0.0241085033578587
-0.0241085033578549
-0.01426278200462
-2.067393093115e-15
0.0142627820046154
0.0241085033578485
0.02410850335785
0.0142627820046197
5.28294158313106e-15
-0.0142627820046098
-0.0241085033578419
-0.0241085033578433
-0.0142627820046138
-1.51102391191255e-15
0.0142627820046113
0.0241085033578413
0.0241085033578408
0.0142627820046103
-3.39193346564285e-15
-0.0142627820046164
-0.0241085033578458
-0.0241085033578441
-0.0142627820046112
5.13925963472538e-15
0.0142627820046212
0.0241085033578525
0.0241085033578522
0.01426278200462
2.87800343679449e-15
-0.0142627820046154
-0.0241085033578507
-0.0241085033578558
-0.0142627820046307
-2.184484108868e-14
0.0142627820045873
0.0241085033578133
0.0241085033578096
0.0142627820045764
-3.83055895517848e-14
-0.0142627820046515
-0.0241085033578797
-0.0241085033578757
-0.0142627820046401
-2.10178550452251e-14
0.0142627820045981
0.0241085033578332
0.0241085033578369
0.0142627820046091
-2.46746020699383e-15
-0.0142627820046146
-0.0241085033578435
-0.0241085033578417
-0.014262782004609
7.24551749427889e-15
0.0142627820046235
0.0241085033578565
0.0241085033578587
0.01426278200463
1.76610133393512e-14
-0.0142627820045951
-0.024108503357825
-0.0241085033578247
-0.0142627820045943
1.77538260514892e-14
0.0142627820046295
0.0241085033578565
0.0241085033578524
0.0142627820046179
4.58237682675275e-16
-0.0142627820046161
-0.0241085033578483
-0.0241085033578486
-0.0142627820046169
-1.70314030398168e-15
0.0142627820046139
0.0241085033578464
0.0241085033578476
0.0142627820046171
1.94884220312545e-15
-0.0142627820046142
-0.0241085033578481
-0.024108503357852
-0.0142627820046258
-1.60168207588524e-14
0.0142627820045935
0.0241085033578201
0.0241085033578162
0.0142627820045816
-3.53644135048785e-14
-0.0142627820046521
-0.0241085033578846
-0.0241085033578858
-0.014262782004656
-4.19307663032511e-14
0.0142627820045723
0.0241085033578031
0.0241085033578032
0.0142627820045729
-3.98967688930198e-14
-0.0142627820046521
-0.0241085033578798
-0.0241085033578755
-0.0142627820046396
-1.85662528599056e-14
0.0142627820046031
0.0241085033578418
0.0241085033578497
0.0142627820046266
1.96168664519026e-14
-0.0142627820045882
-0.0241085033578137
-0.0241085033578094
-0.0142627820045754
4.061145753931e-14
0.0142627820046558
0.0241085033578858
0.0241085033578845
0.0142627820046523
3.66922266805284e-14
-0.0142627820045785
-0.0241085033578098
-0.0241085033578097
-0.0142627820045782
3.72473516648049e-14
0.0142627820046529
0.0241085033578843
0.0241085033578845
0.0142627820046531
3.81134422619395e-14
-0.0142627820045778
-0.0241085033578115
-0.0241085033578154
-0.0142627820045892
2.00940980854312e-14
0.0142627820046288
0.0241085033578542
0.024108503357849
0.0142627820046132
-4.89664534117226e-15
-0.0142627820046222
-0.0241085033578544
-0.0241085033578545
-0.0142627820046224
-5.05813464734264e-15
0.014262782004613
0.0241085033578489
0.0241085033578544
0.014262782004629
2.03249763306406e-14
-0.014262782004589
-0.0241085033578154
-0.0241085033578116
-0.014262782004578
3.7971204119676e-14
0.0142627820046529
0.0241085033578845
0.0241085033578843
0.0142627820046531
3.83093316606783e-14
-0.0142627820045764
-0.0241085033578074
-0.0241085033578074
-0.0142627820045762
3.85221999247794e-14
0.0142627820046533
0.0241085033578845
0.0241085033578844
0.0142627820046526
3.77321457977641e-14
-0.0142627820045782
-0.0241085033578117
-0.0241085033578152
-0.0142627820045888
2.05309057008379e-14
0.0142627820046292
0.0241085033578545
0.0241085033578488
0.0142627820046128
-5.27794180534768e-15
-0.0142627820046226
-0.0241085033578545
-0.0241085033578543
-0.0142627820046219
-4.67683818316723e-15
0.0142627820046133
0.024108503357849
0.0241085033578542
0.0142627820046286
1.9888168715234e-14
-0.0142627820045894
-0.0241085033578155
-0.0241085033578114
-0.0142627820045776
3.83386227960436e-14
0.0142627820046533
0.0241085033578845
0.0241085033578842
0.0142627820046527
3.79904852416381e-14
-0.0142627820045768
-0.0241085033578077
-0.0241085033578074
-0.0142627820045758
3.89520686462822e-14
0.0142627820046537
0.0241085033578846
0.0241085033578841
0.0142627820046523
3.73855438031083e-14
-0.0142627820045786
-0.0241085033578118
-0.024108503357815
-0.0142627820045884
2.09052632711094e-14
0.0142627820046296
0.0241085033578546
0.0241085033578487
0.0142627820046123
-6.60986673435838e-15
-0.0142627820046246
-0.0241085033578568
-0.0241085033578566
-0.014262782004624
-6.39802657187571e-15
0.0142627820046126
0.0241085033578491
0.0241085033578557
0.0142627820046314
2.34481639884779e-14
-0.0142627820045853
-0.024108503357811
-0.0241085033578073
-0.0142627820045743
3.97191199823816e-14
0.0142627820046521
0.0241085033578798
0.0241085033578755
0.0142627820046396
1.96790869297664e-14
-0.0142627820046002
-0.0241085033578356
-0.0241085033578392
-0.0142627820046111
9.19648458427185e-16
0.0142627820046139
0.0241085033578437
0.024108503357843
0.0142627820046117
-3.74093766481041e-15
-0.0142627820046195
-0.0241085033578521
-0.0241085033578545
-0.0142627820046266
-1.61973451336221e-14
0.014262782004594
0.0241085033578203
0.0241085033578159
0.0142627820045812
-3.61206398071363e-14
-0.0142627820046529
-0.0241085033578844
-0.0241085033578843
-0.0142627820046531
-3.83103423364845e-14
0.0142627820045764
0.0241085033578074
0.0241085033578074
0.0142627820045761
-3.85489448245888e-14
-0.0142627820046533
-0.0241085033578845
-0.0241085033578843
-0.0142627820046526
-3.77331564735704e-14
0.0142627820045783
0.0241085033578117
0.0241085033578153
0.0142627820045887
-2.05298950250316e-14
-0.0142627820046292
-0.0241085033578544
-0.0241085033578488
-0.0142627820046126
5.3324422807727e-15
0.0142627820046226
0.0241085033578545
0.0241085033578543
0.0142627820046219
4.73336001020472e-15
-0.0142627820046133
-0.024108503357849
-0.0241085033578542
-0.0142627820046286
-1.98614238154246e-14
0.0142627820045894
0.0241085033578155
0.0241085033578115
0.0142627820045777
-3.83514899080451e-14
-0.0142627820046533
-0.0241085033578846
-0.0241085033578842
-0.0142627820046527
-3.79429236601169e-14
0.0142627820045769
0.0241085033578076
0.0241085033578072
0.0142627820045758
-3.89163635009564e-14
-0.0142627820046537
-0.0241085033578846
-0.024108503357884
-0.0142627820046523
-3.64081704384636e-14
0.0142627820045802
0.024108503357814
0.0241085033578176
0.0142627820045909
-1.88434011058427e-14
-0.0142627820046284
-0.0241085033578545
-0.0241085033578502
-0.0142627820046156
8.8426858782868e-16
0.0142627820046169
0.024108503357848
0.0241085033578476
0.0142627820046162
1.29895022831013e-15
-0.0142627820046134
-0.0241085033578443
-0.0241085033578439
-0.0142627820046122
2.36351065825079e-15
0.0142627820046173
0.024108503357848
0.0241085033578475
0.0142627820046158
-2.49680781151058e-16
-0.0142627820046167
-0.0241085033578507
-0.0241085033578543
-0.0142627820046273
-1.67380065903159e-14
0.0142627820045936
0.0241085033578201
0.0241085033578161
0.0142627820045815
-3.54326960606555e-14
-0.0142627820046522
-0.0241085033578846
-0.0241085033578858
-0.0142627820046559
-4.17792170206272e-14
0.0142627820045724
0.024108503357803
0.0241085033578031
0.0142627820045728
-3.99928070244124e-14
-0.0142627820046523
-0.0241085033578798
-0.0241085033578756
-0.0142627820046395
-1.84563369407052e-14
0.0142627820046033
0.0241085033578417
0.0241085033578496
0.0142627820046266
1.94930727448944e-14
-0.0142627820045883
-0.0241085033578136
-0.0241085033578093
-0.0142627820045753
4.06519845194714e-14
0.0142627820046559
0.0241085033578859
0.0241085033578846
0.0142627820046522
3.65406773979046e-14
-0.0142627820045786
-0.0241085033578099
-0.0241085033578097
-0.0142627820045781
3.73642064779092e-14
0.014262782004653
0.0241085033578844
0.0241085033578844
0.0142627820046529
3.79827096610274e-14
-0.0142627820045779
-0.0241085033578116
-0.0241085033578154
-0.0142627820045891
2.01831973229199e-14
0.0142627820046289
0.0241085033578543
0.0241085033578489
0.014262782004613
-5.05513351770005e-15
-0.0142627820046223
-0.0241085033578544
-0.0241085033578544
-0.0142627820046222
-4.98291319766174e-15
0.014262782004613
0.0241085033578489
0.0241085033578543
0.0142627820046289
2.01803659419207e-14
-0.0142627820045891
-0.0241085033578154
-0.0241085033578116
-0.0142627820045779
3.80603033571647e-14
0.014262782004653
0.0241085033578844
0.0241085033578843
0.014262782004653
3.82132935292857e-14
-0.0142627820045765
-0.0241085033578075
-0.0241085033578074
-0.0142627820045761
3.86043602683642e-14
0.0142627820046534
0.0241085033578845
0.0241085033578843
0.0142627820046525
3.76638632419871e-14
-0.0142627820045783
-0.0241085033578118
-0.0241085033578152
-0.0142627820045887
2.06269438322305e-14
0.0142627820046294
0.0241085033578545
0.0241085033578487
0.0142627820046126
-5.42949108797155e-15
-0.0142627820046227
-0.0241085033578546
-0.0241085033578542
-0.0142627820046218
-4.60855562739024e-15
0.0142627820046135
0.0241085033578491
0.0241085033578542
0.0142627820046284
1.9743558326514e-14
-0.0142627820045896
-0.0241085033578156
-0.0241085033578114
-0.0142627820045775
3.84277220335323e-14
0.0142627820046534
0.0241085033578845
0.0241085033578841
0.0142627820046526
3.78458748529181e-14
-0.014262782004577
-0.0241085033578077
-0.0241085033578073
-0.0142627820045757
3.90411678837709e-14
0.0142627820046538
0.0241085033578847
0.0241085033578841
0.0142627820046522
3.54506987871802e-14
-0.014262782004582
-0.0241085033578162
-0.0241085033578201
-0.0142627820045932
1.68726595296772e-14
0.0142627820046273
0.0241085033578546
0.0241085033578518
0.0142627820046187
2.9877299180074e-15
-0.0142627820046125
-0.0241085033578434
-0.0241085033578435
-0.0142627820046132
-2.30456274564261e-16
0.0142627820046119
0.0241085033578394
0.0241085033578352
0.0142627820045994
-2.03906613131459e-14
-0.0142627820046404
-0.0241085033578757
-0.0241085033578795
-0.0142627820046513
-3.89551654833806e-14
0.014262782004575
0.0241085033578075
0.0241085033578107
0.0142627820045845
-2.41874939474731e-14
-0.0142627820046322
-0.024108503357856
-0.0241085033578489
-0.0142627820046118
7.10803543745035e-15
0.0142627820046247
0.0241085033578569
0.0241085033578566
0.0142627820046238
5.82196451803583e-15
-0.014262782004613
-0.0241085033578489
-0.0241085033578543
-0.0142627820046289
-2.02230099811503e-14
0.0142627820045891
0.0241085033578154
0.0241085033578116
0.0142627820045779
-3.80592926813584e-14
-0.0142627820046531
-0.0241085033578845
-0.0241085033578843
-0.014262782004653
-3.82212430989958e-14
0.0142627820045766
0.0241085033578075
0.0241085033578074
0.0142627820045761
-3.86657996376932e-14
-0.0142627820046534
-0.0241085033578845
-0.0241085033578843
-0.0142627820046526
-3.7616301660466e-14
0.0142627820045784
0.0241085033578117
0.0241085033578152
0.0142627820045887
-2.06189942625203e-14
-0.0142627820046294
-0.0241085033578545
-0.0241085033578487
-0.0142627820046126
5.42154151826141e-15
0.0142627820046227
0.0241085033578545
0.0241085033578543
0.0142627820046219
4.61650519710038e-15
-0.0142627820046135
-0.0241085033578491
-0.0241085033578542
-0.0142627820046285
-1.98000801535515e-14
0.0142627820045895
0.0241085033578156
0.0241085033578114
0.0142627820045775
-3.93842787164652e-14
-0.014262782004655
-0.0241085033578867
-0.0241085033578866
-0.0142627820046551
-3.89571085533495e-14
0.0142627820045774
0.0241085033578098
0.0241085033578113
0.0142627820045815
-3.21706522430965e-14
-0.0142627820046465
-0.0241085033578779
-0.0241085033578791
-0.0142627820046501
-3.72280663023867e-14
0.0142627820045754
0.0241085033578046
0.0241085033578033
0.0142627820045719
-4.18239113323213e-14
-0.0142627820046544
-0.0241085033578821
-0.0241085033578778
-0.0142627820046413
-1.95588192363441e-14
0.014262782004603
0.0241085033578417
0.0241085033578498
0.0142627820046267
1.9715881032542e-14
-0.0142627820045881
-0.0241085033578135
-0.0241085033578094
-0.0142627820045756
4.0408359550112e-14
0.0142627820046556
0.0241085033578858
0.0241085033578846
0.0142627820046525
3.68398135184952e-14
-0.0142627820045783
-0.0241085033578097
-0.0241085033578099
-0.0142627820045784
3.70858870390304e-14
0.0142627820046527
0.0241085033578843
0.0241085033578845
0.0142627820046533
3.83304180389453e-14
-0.0142627820045777
-0.0241085033578115
-0.0241085033578155
-0.0142627820045895
1.99881446108879e-14
0.0142627820046286
0.0241085033578542
0.024108503357849
0.0142627820046133
-4.79069186662898e-15
-0.014262782004622
-0.0241085033578544
-0.0241085033578545
-0.0142627820046226
-5.21959927311718e-15
0.0142627820046128
0.0241085033578488
0.0241085033578544
0.0142627820046292
2.04586853807996e-14
-0.0142627820045888
-0.0241085033578153
-0.0241085033578118
-0.0142627820045782
3.77819839182858e-14
0.0142627820046527
0.0241085033578843
0.0241085033578844
0.0142627820046533
3.85054907559724e-14
-0.0142627820045763
-0.0241085033578075
-0.0241085033578075
-0.0142627820045764
3.83815519807166e-14
0.0142627820046532
0.0241085033578844
0.0241085033578844
0.0142627820046528
3.78866715296348e-14
-0.0142627820045781
-0.0241085033578116
-0.0241085033578154
-0.014262782004589
2.03069910299281e-14
0.014262782004629
0.0241085033578543
0.0241085033578489
0.0142627820046129
-6.06710564440842e-15
-0.014262782004624
-0.0241085033578566
-0.0241085033578568
-0.0142627820046247
-6.8852765105944e-15
0.014262782004612
0.0241085033578491
0.0241085033578559
0.014262782004632
2.397704729062e-14
-0.0142627820045847
-0.0241085033578108
-0.0241085033578074
-0.0142627820045749
3.91208477412004e-14
0.0142627820046514
0.0241085033578797
0.0241085033578757
0.0142627820046402
2.02079702319085e-14
-0.0142627820045996
-0.0241085033578353
-0.0241085033578394
-0.0142627820046116
3.49131792861601e-16
0.0142627820046133
0.0241085033578436
0.0241085033578433
0.0142627820046123
-3.1426654236292e-15
-0.014262782004619
-0.0241085033578519
-0.0241085033578547
-0.0142627820046271
-1.66845950723408e-14
0.0142627820045934
0.0241085033578201
0.0241085033578161
0.0142627820045817
-3.64383015612709e-14
-0.014262782004654
-0.0241085033578863
-0.0241085033578871
-0.0142627820046561
-4.09347715976067e-14
0.0142627820045747
0.0241085033578073
0.0241085033578092
0.0142627820045801
-3.41204031484508e-14
-0.0142627820046482
-0.0241085033578797
-0.0241085033578804
-0.0142627820046503
-3.63885384216575e-14
0.0142627820045776
0.0241085033578088
0.0241085033578094
0.0142627820045792
-3.40036996209743e-14
-0.0142627820046472
-0.0241085033578776
-0.0241085033578777
-0.0142627820046473
-3.34297464318983e-14
0.0142627820045797
0.0241085033578086
0.0241085033578063
0.0142627820045729
-4.33516473784272e-14
-0.0142627820046591
-0.0241085033578912
-0.0241085033578909
-0.0142627820046583
-4.17412836598893e-14
0.0142627820045771
0.024108503357814
0.0241085033578218
0.0142627820046001
-3.50977625108175e-15
-0.0142627820046062
-0.0241085033578262
-0.0241085033578156
-0.0142627820045749
4.65018877849888e-14
0.0142627820046662
0.0241085033578997
0.0241085033578998
0.0142627820046661
4.66502301113737e-14
-0.0142627820045749
-0.0241085033578155
-0.0241085033578262
-0.0142627820046064
-3.56097406281194e-15
0.0142627820046001
0.0241085033578218
0.024108503357814
0.0142627820045771
-4.15929413335044e-14
-0.0142627820046583
-0.024108503357891
-0.0241085033578911
-0.0142627820046592
-4.35346841743316e-14
0.0142627820045729
0.0241085033578063
0.0241085033578086
0.0142627820045798
-3.34163741252975e-14
-0.0142627820046472
-0.0241085033578776
-0.0241085033578778
-0.0142627820046474
-3.40618363266084e-14
0.014262782004579
0.0241085033578093
0.0241085033578089
0.0142627820045777
-3.7185451184009e-14
-0.0142627820046518
-0.0241085033578825
-0.0241085033578822
-0.0142627820046508
-3.61876880506082e-14
0.0142627820045788
0.0241085033578092
0.0241085033578089
0.0142627820045781
-3.6874458627223e-14
-0.0142627820046515
-0.0241085033578825
-0.0241085033578823
-0.0142627820046511
-3.65541917586254e-14
0.0142627820045784
0.024108503357809
0.0241085033578091
0.0142627820045784
-3.47315980798056e-14
-0.014262782004648
-0.024108503357878
-0.0241085033578774
-0.0142627820046465
-3.27573591242982e-14
0.0142627820045805
0.0241085033578089
0.024108503357806
0.0142627820045721
-4.41628125641054e-14
-0.0142627820046599
-0.0241085033578914
-0.0241085033578907
-0.0142627820046575
-3.90982504835796e-14
0.014262782004581
0.0241085033578185
0.0241085033578264
0.0142627820046043
-1.57605094415588e-16
-0.0142627820046047
-0.0241085033578265
-0.0241085033578185
-0.0142627820045807
3.94304694958284e-14
0.0142627820046579
0.0241085033578908
0.0241085033578913
0.0142627820046596
4.38684190569859e-14
-0.0142627820045724
-0.0241085033578061
-0.0241085033578089
-0.0142627820045802
3.29993725157963e-14
0.0142627820046468
0.0241085033578776
0.0241085033578778
0.0142627820046478
3.44649601483017e-14
-0.0142627820045787
-0.0241085033578092
-0.0241085033578089
-0.0142627820045781
3.68517163013547e-14
0.0142627820046514
0.0241085033578825
0.0241085033578823
0.0142627820046511
3.66185674479172e-14
-0.0142627820045783
-0.0241085033578091
-0.0241085033578092
-0.0142627820045784
3.64852125933375e-14
0.0142627820046512
0.0241085033578823
0.0241085033578824
0.0142627820046514
3.68740488534719e-14
-0.0142627820045781
-0.024108503357809
-0.0241085033578092
-0.0142627820045788
3.61603422487437e-14
0.0142627820046508
0.0241085033578821
0.0241085033578825
0.0142627820046519
3.72127969858734e-14
-0.0142627820045777
-0.0241085033578089
-0.0241085033578093
-0.0142627820045791
3.40729928525575e-14
0.0142627820046473
0.0241085033578778
0.0241085033578777
0.0142627820046473
3.3360453200315e-14
-0.0142627820045798
-0.0241085033578086
-0.0241085033578063
-0.0142627820045729
4.34764517612417e-14
0.0142627820046592
0.0241085033578911
0.0241085033578909
0.0142627820046583
4.16442348526904e-14
-0.0142627820045771
-0.0241085033578141
-0.0241085033578217
-0.0142627820046001
3.6068250582806e-15
0.0142627820046063
0.0241085033578262
0.0241085033578156
0.0142627820045748
-4.65850588043799e-14
-0.0142627820046662
-0.0241085033578998
-0.0241085033578997
-0.0142627820046661
-4.65254257285592e-14
0.014262782004575
0.0241085033578156
0.0241085033578261
0.0142627820046062
1.71532399182846e-15
-0.0142627820046034
-0.0241085033578261
-0.0241085033578189
-0.014262782004582
3.75544093739745e-14
0.014262782004656
0.0241085033578911
0.0241085033578943
0.0142627820046657
5.12924632663557e-14
-0.0142627820045639
-0.0241085033577971
-0.0241085033578005
-0.0142627820045739
3.54424354377825e-14
0.0142627820046441
0.024108503357868
0.0241085033578605
0.0142627820046219
-1.83990502475179e-15
-0.014262782004625
-0.0241085033578649
-0.024108503357873
-0.014262782004649
-3.95171777372374e-14
0.0142627820045715
0.0241085033578005
0.0241085033578003
0.0142627820045705
-4.16249724803517e-14
-0.0142627820046535
-0.0241085033578809
-0.0241085033578779
-0.0142627820046452
-2.9683507406511e-14
0.0142627820045843
0.0241085033578135
0.0241085033578107
0.0142627820045765
-4.13278577113735e-14
-0.0142627820046588
-0.024108503357891
-0.0241085033578911
-0.0142627820046586
-4.19640919475369e-14
0.0142627820045768
0.0241085033578139
0.0241085033578218
0.0142627820046005
-3.17594566097161e-15
-0.014262782004606
-0.0241085033578261
-0.0241085033578156
-0.0142627820045753
4.62652017095334e-14
0.0142627820046658
0.0241085033578997
0.0241085033578998
0.0142627820046664
4.68452828234057e-14
-0.0142627820045746
-0.0241085033578153
-0.0241085033578264
-0.0142627820046067
-3.83929350169082e-15
0.0142627820045998
0.0241085033578217
0.0241085033578142
0.0142627820045774
-4.13701330458567e-14
-0.014262782004658
-0.0241085033578908
-0.0241085033578912
-0.0142627820046595
-4.37574924619792e-14
0.0142627820045725
0.0241085033578062
0.0241085033578088
0.0142627820045801
-3.30686657473795e-14
-0.0142627820046469
-0.0241085033578775
-0.0241085033578779
-0.0142627820046476
-3.43540335532951e-14
0.0142627820045788
0.0241085033578092
0.024108503357809
0.014262782004578
-3.69210095329379e-14
-0.0142627820046515
-0.0241085033578824
-0.0241085033578822
-0.0142627820046511
-3.65353964285261e-14
0.0142627820045785
0.0241085033578091
0.0241085033578091
0.0142627820045783
-3.66377725517676e-14
-0.0142627820046512
-0.0241085033578824
-0.0241085033578824
-0.0142627820046514
-3.6777000046273e-14
0.0142627820045781
0.024108503357809
0.0241085033578091
0.0142627820045786
-3.44949120043501e-14
-0.0142627820046477
-0.0241085033578779
-0.0241085033578776
-0.0142627820046467
-3.29801674119459e-14
0.0142627820045803
0.0241085033578088
0.0241085033578062
0.0142627820045725
-4.39261264886499e-14
-0.0142627820046597
-0.0241085033578913
-0.0241085033578907
-0.0142627820046579
-4.120843791309e-14
0.0142627820045776
0.0241085033578142
0.0241085033578216
0.0142627820045998
-3.98711084664978e-15
-0.0142627820046068
-0.0241085033578264
-0.0241085033578154
-0.0142627820045745
4.88527237346118e-14
0.0142627820046698
0.0241085033579042
0.0241085033579046
0.0142627820046707
5.03084762825344e-14
-0.014262782004573
-0.0241085033578158
-0.0241085033578292
-0.0142627820046124
-1.09939785176981e-14
0.0142627820045915
0.0241085033578127
0.0241085033578057
0.0142627820045708
-4.41519441002446e-14
-0.0142627820046556
-0.0241085033578815
-0.0241085033578738
-0.0142627820046333
-7.19714588337101e-15
0.0142627820046193
0.0241085033578619
0.0241085033578725
0.0142627820046507
4.29476023710031e-14
-0.0142627820045674
-0.0241085033577958
-0.0241085033577956
-0.0142627820045664
4.41449877805284e-14
0.0142627820046542
0.024108503357881
0.0241085033578777
0.0142627820046445
2.90061068491636e-14
-0.0142627820045852
-0.0241085033578138
-0.0241085033578105
-0.0142627820045757
4.38232484715445e-14
0.0142627820046627
0.0241085033578955
0.0241085033578957
0.0142627820046628
4.53875776873987e-14
-0.0142627820045751
-0.0241085033578143
-0.0241085033578248
-0.0142627820046063
-5.79865520201604e-15
0.0142627820045945
0.0241085033578128
0.0241085033578023
0.0142627820045638
-5.48251857417193e-14
-0.0142627820046689
-0.0241085033578945
-0.0241085033578843
-0.0142627820046388
-6.53292028694033e-15
0.0142627820046278
0.0241085033578805
0.0241085033579016
0.0142627820046896
8.98980667431839e-14
-0.0142627820045143
-0.0241085033577404
-0.024108503357741
-0.0142627820045159
8.95928346327764e-14
0.0142627820046906
0.0241085033579061
0.0241085033578886
0.0142627820046391
7.09498811896903e-15
-0.0142627820046244
-0.0241085033578708
-0.0241085033578843
-0.0142627820046645
-5.82914224366986e-14
0.014262782004551
0.024108503357779
0.0241085033577792
0.0142627820045517
-5.75698218404323e-14
-0.0142627820046638
-0.0241085033578841
-0.0241085033578712
-0.0142627820046251
4.52451070865351e-15
0.0142627820046352
0.024108503357884
0.0241085033579014
0.0142627820046865
8.62066100379297e-14
-0.0142627820045176
-0.0241085033577406
-0.0241085033577374
-0.0142627820045086
9.88492842489642e-14
0.0142627820047011
0.0241085033579148
0.024108503357894
0.0142627820046394
-1.58934116148854e-15
-0.014262782004642
-0.024108503357898
-0.02410850335792
-0.0142627820047066
-1.03439032062753e-13
0.0142627820045057
0.0241085033577374
0.0241085033577439
0.0142627820045247
-7.4095101232305e-14
-0.0142627820046704
-0.0241085033578834
-0.0241085033578661
-0.0142627820046201
7.0887355658649e-15
0.0142627820046293
0.0241085033578654
0.0241085033578657
0.0142627820046308
8.78559774536708e-15
-0.014262782004616
-0.0241085033578574
-0.0241085033578679
-0.0142627820046459
-3.86203087685762e-14
0.0142627820045722
0.0241085033578038
0.0241085033578085
0.0142627820045861
-1.67823529238111e-14
-0.0142627820046172
-0.0241085033578341
-0.0241085033578202
-0.0142627820045763
4.82520927189381e-14
0.0142627820046705
0.0241085033579046
0.0241085033579042
0.0142627820046699
4.90217281563453e-14
-0.0142627820045744
-0.0241085033578153
-0.0241085033578264
-0.014262782004607
-2.27186716213038e-15
0.0142627820046027
0.0241085033578258
0.0241085033578192
0.0142627820045827
-3.51104870618098e-14
-0.0142627820046521
-0.0241085033578866
-0.0241085033578897
-0.0142627820046614
-4.9656315963023e-14
0.0142627820045625
0.0241085033577924
0.0241085033577925
0.0142627820045632
-4.86526577728325e-14
-0.014262782004658
-0.0241085033578812
-0.0241085033578708
-0.0142627820046267
1.17233955198735e-15
0.0142627820046311
0.0241085033578794
0.0241085033578969
0.0142627820046825
8.36638524118845e-14
-0.0142627820045184
-0.0241085033577408
-0.0241085033577372
-0.0142627820045078
9.95771827077955e-14
0.0142627820047019
0.0241085033579151
0.0241085033578936
0.0142627820046385
-2.37275077155109e-15
-0.0142627820046428
-0.0241085033578982
-0.0241085033579197
-0.0142627820047057
-1.02683378028306e-13
0.0142627820045065
0.0241085033577376
0.0241085033577437
0.0142627820045239
-7.68005844537499e-14
-0.0142627820046744
-0.024108503357888
-0.0241085033578708
-0.0142627820046242
3.63941989454404e-15
0.0142627820046278
0.0241085033578657
0.0241085033578687
0.0142627820046365
1.78068452215254e-14
-0.0142627820046045
-0.0241085033578442
-0.0241085033578544
-0.0142627820046343
-2.9954315683675e-14
0.0142627820045754
0.0241085033577987
0.0241085033577929
0.0142627820045584
-5.71660300434722e-14
-0.0142627820046705
-0.0241085033578993
-0.0241085033578954
-0.0142627820046592
-3.95325394604712e-14
0.0142627820045819
0.0241085033578189
0.0241085033578261
0.0142627820046035
-1.55518410815547e-15
-0.0142627820046062
-0.0241085033578261
-0.0241085033578156
-0.014262782004575
4.83189228901783e-14
0.0142627820046692
0.0241085033579039
0.0241085033579048
0.0142627820046712
4.89548979851052e-14
-0.0142627820045755
-0.0241085033578198
-0.0241085033578344
-0.014262782004618
-1.75091059072997e-14
0.0142627820045855
0.0241085033578083
0.024108503357804
0.014262782004573
-3.79698836180305e-14
-0.0142627820046452
-0.0241085033578676
-0.0241085033578577
-0.0142627820046167
8.02034243406482e-15
0.0142627820046301
0.0241085033578655
0.0241085033578656
0.0142627820046301
7.7460996103145e-15
-0.0142627820046193
-0.0241085033578658
-0.0241085033578836
-0.0142627820046713
-7.48496097914093e-14
0.0142627820045239
0.0241085033577437
0.0241085033577377
0.0142627820045064
-1.0274316569049e-13
-0.0142627820047058
-0.0241085033579197
-0.0241085033578983
-0.0142627820046428
-2.34071868498298e-15
0.0142627820046386
0.0241085033578936
0.0241085033579151
0.0142627820047018
9.95520895151313e-14
-0.0142627820045078
-0.0241085033577371
-0.0241085033577408
-0.0142627820045183
8.36580589933232e-14
0.0142627820046825
0.0241085033578969
0.0241085033578794
0.014262782004631
1.12575285492722e-15
-0.0142627820046268
-0.0241085033578708
-0.0241085033578812
-0.0142627820046579
-4.85859312167449e-14
0.0142627820045631
0.0241085033577926
0.0241085033577924
0.0142627820045624
-4.96782781200773e-14
-0.0142627820046615
-0.0241085033578897
-0.0241085033578865
-0.014262782004652
-3.50916559403653e-14
0.0142627820045827
0.0241085033578192
0.0241085033578258
0.0142627820046026
-2.36634929383365e-15
-0.014262782004607
-0.0241085033578264
-0.0241085033578153
-0.0142627820045742
4.90190657733939e-14
0.0142627820046701
0.0241085033579043
0.0241085033579045
0.0142627820046704
4.81992439506583e-14
-0.0142627820045763
-0.0241085033578202
-0.0241085033578342
-0.0142627820046172
-1.48938283066057e-14
0.0142627820045893
0.0241085033578128
0.0241085033578088
0.0142627820045771
-3.45344457345175e-14
-0.0142627820046435
-0.0241085033578679
-0.0241085033578606
-0.0142627820046224
-9.10699421342753e-16
0.0142627820046187
0.0241085033578523
0.0241085033578523
0.0142627820046186
-9.61526838010105e-16
-0.0142627820046225
-0.0241085033578606
-0.024108503357868
-0.0142627820046434
-3.45145049290756e-14
0.0142627820045772
0.0241085033578088
0.0241085033578128
0.0142627820045893
-1.49307779354652e-14
-0.0142627820046172
-0.0241085033578341
-0.0241085033578201
-0.0142627820045763
4.83055825185569e-14
0.0142627820046705
0.0241085033579046
0.0241085033579043
0.0142627820046699
4.89751772506305e-14
-0.0142627820045744
-0.0241085033578153
-0.0241085033578264
-0.0142627820046069
-2.25307183203113e-15
0.0142627820046028
0.0241085033578258
0.0241085033578191
0.0142627820045826
-3.51847935431403e-14
-0.0142627820046521
-0.0241085033578865
-0.0241085033578896
-0.0142627820046613
-4.96652762085393e-14
0.0142627820045625
0.0241085033577924
0.0241085033577926
0.0142627820045631
-4.8657575315124e-14
-0.0142627820046581
-0.0241085033578812
-0.0241085033578707
-0.0142627820046267
1.21889045770223e-15
0.0142627820046311
0.0241085033578793
0.0241085033578968
0.0142627820046824
8.35201569915149e-14
-0.0142627820045185
-0.0241085033577409
-0.0241085033577371
-0.0142627820045077
9.95959780378947e-14
0.0142627820047019
0.0241085033579151
0.0241085033578936
0.0142627820046385
-2.39154610165034e-15
-0.0142627820046429
-0.0241085033578983
-0.0241085033579197
-0.0142627820047057
-1.02678460486015e-13
0.0142627820045065
0.0241085033577376
0.0241085033577437
0.0142627820045238
-7.49111839602747e-14
-0.0142627820046713
-0.0241085033578837
-0.0241085033578658
-0.0142627820046192
7.793795991372e-15
0.0142627820046302
0.0241085033578657
0.0241085033578655
0.01426278200463
7.94175944178184e-15
-0.0142627820046167
-0.0241085033578577
-0.0241085033578676
-0.0142627820046451
-3.78736149796457e-14
0.0142627820045731
0.0241085033578041
0.0241085033578084
0.0142627820045854
-1.75290467127416e-14
-0.014262782004618
-0.0241085033578344
-0.0241085033578198
-0.0142627820045756
4.89987865078687e-14
0.0142627820046713
0.0241085033579048
0.024108503357904
0.0142627820046691
4.82195232161836e-14
-0.0142627820045752
-0.0241085033578156
-0.0241085033578261
-0.0142627820046061
-1.49741779758421e-15
0.0142627820046036
0.0241085033578262
0.0241085033578189
0.0142627820045819
-3.96041835588503e-14
-0.0142627820046593
-0.0241085033578954
-0.0241085033578992
-0.0142627820046704
-5.71252725563186e-14
0.0142627820045585
0.0241085033577929
0.0241085033577987
0.0142627820045753
-3.00398375698619e-14
-0.0142627820046344
-0.0241085033578545
-0.0241085033578442
-0.0142627820046044
1.78507337442889e-14
0.0142627820046367
0.0241085033578687
0.0241085033578658
0.0142627820046277
3.63335687690998e-15
-0.0142627820046243
-0.0241085033578708
-0.0241085033578879
-0.0142627820046744
-7.66595514163317e-14
0.0142627820045239
0.0241085033577437
0.0241085033577375
0.0142627820045064
-1.02789716596205e-13
-0.0142627820047058
-0.0241085033579198
-0.0241085033578983
-0.0142627820046427
-2.30804556707592e-15
0.0142627820046386
0.0241085033578937
0.0241085033579151
0.0142627820047018
9.95541108667438e-14
-0.0142627820045079
-0.0241085033577372
-0.0241085033577409
-0.0142627820045182
8.36490987478069e-14
0.0142627820046825
0.0241085033578968
0.0241085033578793
0.0142627820046309
1.11389641873188e-15
-0.0142627820046268
-0.0241085033578708
-0.0241085033578812
-0.014262782004658
-4.85671358866457e-14
0.0142627820045632
0.0241085033577925
0.0241085033577923
0.0142627820045623
-4.97525846014078e-14
-0.0142627820046615
-0.0241085033578896
-0.0241085033578865
-0.014262782004652
-3.32132370440189e-14
0.0142627820045859
0.0241085033578235
0.0241085033578308
0.0142627820046076
1.75043614279581e-15
-0.0142627820046046
-0.0241085033578265
-0.0241085033578185
-0.0142627820045808
3.93511652136387e-14
0.0142627820046578
0.0241085033578907
0.0241085033578913
0.0142627820046597
4.21019775607363e-14
-0.0142627820045756
-0.0241085033578105
-0.0241085033578137
-0.0142627820045853
2.70358862030932e-14
0.0142627820046412
0.0241085033578734
0.0241085033578761
0.0142627820046493
4.00953795536173e-14
-0.0142627820045688
-0.0241085033577956
-0.0241085033577927
-0.0142627820045609
5.255145675665e-14
0.0142627820046628
0.024108503357886
0.0241085033578751
0.0142627820046301
-2.82606794654868e-15
-0.0142627820046373
-0.0241085033578879
-0.0241085033579068
-0.0142627820046924
-9.19775066989438e-14
0.0142627820045134
0.024108503357741
0.0241085033577436
0.0142627820045211
-7.99531313573674e-14
-0.0142627820046772
-0.024108503357888
-0.0241085033578674
-0.0142627820046173
1.439005562294e-14
0.014262782004641
0.0241085033578787
0.0241085033578792
0.0142627820046421
1.54137687890437e-14
-0.0142627820046161
-0.024108503357867
-0.0241085033578884
-0.0142627820046784
-8.29058570287573e-14
0.0142627820045168
0.0241085033577389
0.0241085033577365
0.0142627820045096
-9.50029765371121e-14
-0.0142627820046938
-0.0241085033579062
-0.0241085033578851
-0.0142627820046319
3.98042224656481e-15
0.0142627820046379
0.024108503357884
0.0241085033578948
0.0142627820046698
5.55874491548868e-14
-0.014262782004563
-0.0241085033578019
-0.0241085033578131
-0.0142627820045953
5.04019964714265e-15
0.0142627820046055
0.0241085033578245
0.0241085033578145
0.0142627820045758
-4.28111319297017e-14
-0.0142627820046589
-0.0241085033578912
-0.0241085033578908
-0.0142627820046586
-4.23827514815635e-14
0.0142627820045741
0.0241085033578058
0.0241085033578059
0.0142627820045744
-4.20036700474442e-14
-0.0142627820046583
-0.0241085033578908
-0.0241085033578913
-0.0142627820046591
-3.93939615756995e-14
0.0142627820045819
0.0241085033578229
0.0241085033578345
0.0142627820046157
1.36103069234823e-14
-0.0142627820045902
-0.0241085033578132
-0.0241085033578085
-0.0142627820045763
3.59182426679054e-14
0.014262782004645
0.0241085033578675
0.0241085033578577
0.0142627820046169
-7.86682737800042e-15
-0.0142627820046299
-0.0241085033578654
-0.0241085033578657
-0.0142627820046303
-7.8996146663789e-15
0.0142627820046191
0.0241085033578658
0.0241085033578836
0.0142627820046715
7.50725137865128e-14
-0.0142627820045237
-0.0241085033577437
-0.0241085033577377
-0.0142627820045066
1.02575772846618e-13
0.0142627820047056
0.0241085033579196
0.0241085033578984
0.0142627820046429
2.4179059081044e-15
-0.0142627820046385
-0.0241085033578935
-0.0241085033579152
-0.014262782004702
-9.97056045711957e-14
0.0142627820045077
0.0241085033577372
0.0241085033577409
0.0142627820045185
-8.3490666149451e-14
-0.0142627820046823
-0.0241085033578968
-0.0241085033578794
-0.0142627820046312
-1.34865685003069e-15
0.0142627820046266
0.0241085033578707
0.0241085033578813
0.0142627820046582
4.88088352118484e-14
-0.014262782004563
-0.0241085033577925
-0.0241085033577925
-0.0142627820045626
5.13843866302601e-14
0.0142627820046644
0.0241085033578939
0.0241085033578915
0.0142627820046572
3.93668739753506e-14
-0.0142627820045801
-0.0241085033578192
-0.024108503357829
-0.0142627820046094
-7.57100616673994e-15
0.0142627820045946
0.0241085033578128
0.0241085033578022
0.0142627820045637
-5.50272885039991e-14
-0.014262782004669
-0.0241085033578945
-0.0241085033578842
-0.0142627820046387
-4.62384962429934e-15
0.0142627820046311
0.0241085033578849
0.0241085033579065
0.0142627820046945
9.57328016773033e-14
-0.0142627820045088
-0.0241085033577361
-0.0241085033577392
-0.0142627820045174
8.22315430397973e-14
0.0142627820046777
0.0241085033578881
0.0241085033578672
0.0142627820046168
-1.47148302600779e-14
-0.0142627820046415
-0.0241085033578788
-0.024108503357879
-0.0142627820046417
-1.50334830006745e-14
0.0142627820046166
0.0241085033578671
0.0241085033578882
0.0142627820046779
8.2539449028196e-14
-0.0142627820045172
-0.024108503357739
-0.0241085033577363
-0.0142627820045092
9.54526512645203e-14
0.0142627820046942
0.0241085033579064
0.024108503357885
0.0142627820046314
-4.36070803493399e-15
-0.0142627820046384
-0.0241085033578841
-0.0241085033578946
-0.0142627820046693
-5.52626745177489e-14
0.0142627820045634
0.0241085033578021
0.0241085033578129
0.0142627820045949
-7.30786457737459e-15
-0.0142627820046092
-0.0241085033578289
-0.0241085033578194
-0.0142627820045804
3.90697147391499e-14
0.0142627820046569
0.0241085033578914
0.0241085033578939
0.0142627820046648
5.16197726440098e-14
-0.0142627820045623
-0.0241085033577924
-0.0241085033577925
-0.0142627820045632
4.84901824712518e-14
0.0142627820046579
0.0241085033578811
0.0241085033578709
0.0142627820046269
-1.02374203821439e-15
-0.014262782004631
-0.0241085033578792
-0.0241085033578968
-0.0142627820046825
-8.37430609866184e-14
0.0142627820045183
0.0241085033577408
0.0241085033577372
0.014262782004508
-9.93869518305991e-14
-0.0142627820047017
-0.0241085033579151
-0.0241085033578938
-0.0142627820046387
2.16864210654686e-15
0.0142627820046427
0.0241085033578983
0.0241085033579197
0.0142627820047058
1.02901364481118e-13
-0.0142627820045063
-0.0241085033577376
-0.0241085033577436
-0.014262782004524
7.47090966468829e-14
0.0142627820046712
0.0241085033578836
0.0241085033578659
0.0142627820046194
-7.62640314749979e-15
-0.01426278200463
-0.0241085033578656
-0.0241085033578655
-0.0142627820046302
-8.17160233078922e-15
0.0142627820046165
0.0241085033578577
0.0241085033578677
0.0142627820046452
3.61397508938473e-14
-0.0142627820045761
-0.0241085033578084
-0.0241085033578133
-0.0142627820045905
1.33024009350837e-14
0.0142627820046155
0.0241085033578344
0.0241085033578232
0.0142627820045822
-3.91169421985263e-14
-0.0142627820046589
-0.0241085033578913
-0.0241085033578909
-0.0142627820046585
-4.22529338490018e-14
0.0142627820045742
0.0241085033578058
0.0241085033578058
0.0142627820045744
-4.20363431653513e-14
-0.0142627820046583
-0.0241085033578908
-0.0241085033578914
-0.0142627820046592
-4.30944133780945e-14
0.0142627820045756
0.0241085033578143
0.0241085033578246
0.0142627820046058
5.34810563554129e-15
-0.014262782004595
-0.024108503357813
-0.0241085033578021
-0.0142627820045633
5.53381853533292e-14
0.0142627820046694
0.0241085033578946
0.0241085033578841
0.0142627820046384
4.24356383593016e-15
-0.0142627820046315
-0.024108503357885
-0.0241085033579064
-0.0142627820046941
-9.53108825255107e-14
0.0142627820045092
0.0241085033577363
0.024108503357739
0.014262782004517
-8.26118288281665e-14
-0.014262782004678
-0.0241085033578883
-0.0241085033578671
-0.0142627820046165
1.51367494118705e-14
0.0142627820046418
0.0241085033578791
0.0241085033578788
0.0142627820046413
1.4604624954978e-14
-0.014262782004617
-0.0241085033578673
-0.0241085033578881
-0.0142627820046776
-8.21036520885955e-14
0.0142627820045176
0.0241085033577392
0.0241085033577362
0.0142627820045087
-9.58398759467934e-14
-0.0142627820046946
-0.0241085033579066
-0.0241085033578847
-0.014262782004631
4.82426055015005e-15
0.0142627820046388
0.0241085033578842
0.0241085033578944
0.0142627820046688
5.48962665171875e-14
-0.0142627820045638
-0.0241085033578022
-0.0241085033578128
-0.0142627820045944
5.800771223881e-15
0.0142627820046064
0.0241085033578249
0.0241085033578142
0.014262782004575
-4.36272146576713e-14
-0.0142627820046597
-0.0241085033578915
-0.0241085033578906
-0.0142627820046578
-4.15250353901705e-14
0.0142627820045749
0.024108503357806
0.0241085033578056
0.0142627820045736
-4.28475083510295e-14
-0.0142627820046591
-0.024108503357891
-0.024108503357891
-0.0142627820046584
-3.86195122111533e-14
0.0142627820045828
0.0241085033578233
0.0241085033578342
0.014262782004615
1.28081019833205e-14
-0.014262782004591
-0.0241085033578135
-0.0241085033578082
-0.0142627820045756
3.66649364568359e-14
0.0142627820046458
0.0241085033578678
0.0241085033578574
0.014262782004616
-8.66903231816222e-15
-0.0142627820046307
-0.0241085033578657
-0.0241085033578654
-0.0142627820046295
-5.26554173558559e-15
0.0142627820046232
0.0241085033578704
0.0241085033578884
0.0142627820046755
7.83365006740406e-14
-0.0142627820045221
-0.024108503357744
-0.0241085033577406
-0.0142627820045122
9.36635263213096e-14
0.0142627820046942
0.0241085033579064
0.0241085033578849
0.0142627820046313
-4.37950336503324e-15
-0.0142627820046384
-0.0241085033578841
-0.0241085033578945
-0.0142627820046693
-5.5216123612034e-14
0.0142627820045634
0.0241085033578021
0.024108503357813
0.0142627820045949
-5.4670363412267e-15
-0.0142627820046059
-0.0241085033578246
-0.0241085033578144
-0.0142627820045755
4.32102130481701e-14
0.0142627820046593
0.0241085033578914
0.0241085033578908
0.0142627820046582
4.19281592118639e-14
-0.0142627820045746
-0.024108503357806
-0.0241085033578057
-0.0142627820045739
4.24582623171439e-14
0.0142627820046587
0.0241085033578909
0.0241085033578911
0.0142627820046587
4.26586164384941e-14
-0.014262782004576
-0.0241085033578146
-0.0241085033578245
-0.0142627820046053
-4.92618648374867e-15
0.0142627820045954
0.0241085033578131
0.0241085033578019
0.0142627820045628
-5.57739822929297e-14
-0.0142627820046699
-0.0241085033578947
-0.0241085033578839
-0.0142627820046379
-3.86327804756099e-15
0.0142627820046319
0.024108503357885
0.0241085033579063
0.0142627820046937
9.49305967371415e-14
-0.0142627820045097
-0.0241085033577364
-0.0241085033577389
-0.0142627820045167
8.29782368287278e-14
0.0142627820046785
0.0241085033578885
0.0241085033578669
0.014262782004616
-1.55170352002397e-14
-0.0142627820046422
-0.0241085033578792
-0.0241085033578787
-0.0142627820046409
-1.427985031784e-14
0.0142627820046174
0.0241085033578674
0.0241085033578879
0.0142627820046771
8.17233663002263e-14
-0.014262782004518
-0.0241085033577394
-0.024108503357736
-0.0142627820045083
9.62201617351626e-14
0.0142627820046951
0.0241085033579067
0.0241085033578847
0.0142627820046305
-7.03641432915074e-15
