26.6016235351562
285.301177978516
501.702606201172
914.701751708984
1162.29934692383
1044.09866333008
779.595886230469
96.1953125
-653.403564453125
-1241.50381469727
-1827.00140380859
-2041.50045776367
-2115.10037231445
-2138.19805908203
-1812.99761962891
-1382.19512939453
-550.293060302734
617.908843994141
2092.11038208008
3810.31143188477
5689.01177978516
7612.21136474609
9454.01013183594
11080.1080627441
12355.705291748
13167.6019287109
13422.0981750488
13059.4942932129
12062.3905029297
10450.4870910645
8289.58428955078
5682.78228759766
2763.88125610352
-307.118743896484
-3361.21771240234
-6230.41571044922
-8758.51290893555
-10817.6094970703
-12311.5057067871
-13182.9018249512
-13420.3980712891
-13049.294708252
-12136.8919372559
-10781.9898681641
-9101.78863525391
-7232.98822021484
-5308.68856811523
-3452.88961791992
-1777.09115600586
-359.293060302734
743.804870605469
1501.00238037109
1883.80194091797
2163.89962768555
2101.49954223633
2010.99859619141
1741.49618530273
1120.59643554688
518.1953125
-240.404113769531
-868.901336669922
-1076.70065307617
-1144.29824829102
-843.297393798828
-439.698822021484
-239.398376464844
0
0
0
0
0
0
0
0
0
0
0
0
0
0
0
0
0
0
0
0
0
0
0
0
0
0
0
0
0
0
0
0
0
0
0
0
0
0
0
0
0
0
0
0
0
0
0
0
0
0
0
0
0
0
0
0
0
0
0
0
0
0
0
0
0
0
0
0
0
0
0
0
0
0
0
0
0
0
0
0
0
0
0
0
0
0
0
0
0
0
0
0
0
0
0
0
0
0
0
0
0
0
0
0
0
0
0
0
0
0
0
0
0
0
0
0
0
0
0
0
26.6016235351562
285.301177978516
501.702606201172
914.701751708984
1162.29934692383
1044.09866333008
779.595886230469
96.1953125
-653.403564453125
-1241.50381469727
-1827.00140380859
-2041.50045776367
-2115.10037231445
-2138.19805908203
-1812.99761962891
-1382.19512939453
-550.293060302734
617.908843994141
2092.11038208008
3810.31143188477
5689.01177978516
7612.21136474609
9454.01013183594
11080.1080627441
12355.705291748
13167.6019287109
13422.0981750488
13059.4942932129
12062.3905029297
10450.4870910645
8289.58428955078
5682.78228759766
2763.88125610352
-307.118743896484
-3361.21771240234
-6230.41571044922
-8758.51290893555
-10817.6094970703
-12311.5057067871
-13182.9018249512
-13420.3980712891
-13049.294708252
-12136.8919372559
-10781.9898681641
-9101.78863525391
-7232.98822021484
-5308.68856811523
-3452.88961791992
-1777.09115600586
-359.293060302734
743.804870605469
1501.00238037109
1883.80194091797
2163.89962768555
2101.49954223633
2010.99859619141
1741.49618530273
1120.59643554688
518.1953125
-240.404113769531
-868.901336669922
-1076.70065307617
-1144.29824829102
-843.297393798828
-439.698822021484
-239.398376464844
0
0
0
0
0
0
0
0
0
0
0
0
0
0
0
0
0
0
0
0
0
0
0
0
0
0
0
0
0
0
0
0
0
0
0
0
0
0
0
0
0
0
0
0
0
0
0
0
0
0
0
0
0
0
0
0
0
0
0
0
0
0
0
0
0
0
0
0
0
0
0
0
0
0
0
0
0
0
0
0
0
0
0
0
0
0
0
0
0
0
0
0
0
0
0
0
0
0
0
0
0
0
0
0
0
0
0
0
0
0
0
0
0
0
0
0
0
0
0
0
26.6016235351562
285.301177978516
501.702606201172
914.701751708984
1162.29934692383
1044.09866333008
779.595886230469
96.1953125
-653.403564453125
-1241.50381469727
-1827.00140380859
-2041.50045776367
-2115.10037231445
-2138.19805908203
-1812.99761962891
-1382.19512939453
-550.293060302734
617.908843994141
2092.11038208008
3810.31143188477
5689.01177978516
7612.21136474609
9454.01013183594
11080.1080627441
12355.705291748
13167.6019287109
13422.0981750488
13059.4942932129
12062.3905029297
10450.4870910645
8289.58428955078
5682.78228759766
2763.88125610352
-307.118743896484
-3361.21771240234
-6230.41571044922
-8758.51290893555
-10817.6094970703
-12311.5057067871
-13182.9018249512
-13420.3980712891
-13049.294708252
-12136.8919372559
-10781.9898681641
-9101.78863525391
-7232.98822021484
-5308.68856811523
-3452.88961791992
-1777.09115600586
-359.293060302734
743.804870605469
1501.00238037109
1883.80194091797
2163.89962768555
2101.49954223633
2010.99859619141
1741.49618530273
1120.59643554688
518.1953125
-240.404113769531
-868.901336669922
-1076.70065307617
-1144.29824829102
-843.297393798828
-439.698822021484
-239.398376464844
0
0
0
0
0
0
0
0
0
0
0
0
0
0
0
0
0
0
0
0
0
0
0
0
0
0
0
0
0
0
0
0
0
0
0
0
0
0
0
0
0
0
0
0
0
0
0
0
0
0
0
0
0
0
0
0
0
0
0
0
0
0
0
0
0
0
0
0
0
0
0
0
0
0
0
0
0
0
0
0
0
0
0
0
0
0
0
0
0
0
0
0
0
0
0
0
0
0
0
0
0
0
0
0
0
0
0
0
0
0
0
0
0
0
0
0
0
0
0
0
26.6016235351562
285.301177978516
501.702606201172
914.701751708984
1162.29934692383
1044.09866333008
779.595886230469
96.1953125
-653.403564453125
-1241.50381469727
-1827.00140380859
-2041.50045776367
-2115.10037231445
-2138.19805908203
-1812.99761962891
-1382.19512939453
-550.293060302734
617.908843994141
2092.11038208008
3810.31143188477
5689.01177978516
7612.21136474609
9454.01013183594
11080.1080627441
12355.705291748
13167.6019287109
13422.0981750488
13059.4942932129
12062.3905029297
10450.4870910645
8289.58428955078
5682.78228759766
2763.88125610352
-307.118743896484
-3361.21771240234
-6230.41571044922
-8758.51290893555
-10817.6094970703
-12311.5057067871
-13182.9018249512
-13420.3980712891
-13049.294708252
-12136.8919372559
-10781.9898681641
-9101.78863525391
-7232.98822021484
-5308.68856811523
-3452.88961791992
-1777.09115600586
-359.293060302734
743.804870605469
1501.00238037109
1883.80194091797
2163.89962768555
2101.49954223633
2010.99859619141
1741.49618530273
1120.59643554688
518.1953125
-240.404113769531
-868.901336669922
-1076.70065307617
-1144.29824829102
-843.297393798828
-439.698822021484
-239.398376464844
0
0
0
0
0
0
0
0
0
0
0
0
0
0
0
0
0
0
0
0
0
0
0
0
0
0
0
0
0
0
0
0
0
0
0
0
0
0
0
0
0
0
0
0
0
0
0
0
0
0
0
0
0
0
0
0
0
0
0
0
0
0
0
0
0
0
0
0
0
0
0
0
0
0
0
0
0
0
0
0
0
0
0
0
0
0
0
0
0
0
0
0
0
0
0
0
0
0
0
0
0
0
0
0
0
0
0
0
0
0
0
0
0
0
0
0
0
0
0
0
26.6016235351562
285.301177978516
501.702606201172
914.701751708984
1162.29934692383
1044.09866333008
779.595886230469
96.1953125
-653.403564453125
-1241.50381469727
-1827.00140380859
-2041.50045776367
-2115.10037231445
-2138.19805908203
-1812.99761962891
-1382.19512939453
-550.293060302734
617.908843994141
2092.11038208008
3810.31143188477
5689.01177978516
7612.21136474609
9454.01013183594
11080.1080627441
12355.705291748
13167.6019287109
13422.0981750488
13059.4942932129
12062.3905029297
10450.4870910645
8289.58428955078
5682.78228759766
2763.88125610352
-307.118743896484
-3361.21771240234
-6230.41571044922
-8758.51290893555
-10817.6094970703
-12311.5057067871
-13182.9018249512
-13420.3980712891
-13049.294708252
-12136.8919372559
-10781.9898681641
-9101.78863525391
-7232.98822021484
-5308.68856811523
-3452.88961791992
-1777.09115600586
-359.293060302734
743.804870605469
1501.00238037109
1883.80194091797
2163.89962768555
2101.49954223633
2010.99859619141
1741.49618530273
1120.59643554688
518.1953125
-240.404113769531
-868.901336669922
-1076.70065307617
-1144.29824829102
-843.297393798828
-439.698822021484
-239.398376464844
0
0
0
0
0
0
0
0
0
0
0
0
0
0
0
0
0
0
0
0
0
0
0
0
0
0
0
0
0
0
0
0
0
0
0
0
0
0
0
0
0
0
0
0
0
0
0
0
0
0
0
0
0
0
0
0
0
0
0
0
0
0
0
0
0
0
0
0
0
0
0
0
0
0
0
0
0
0
0
0
0
0
0
0
0
0
0
0
0
0
0
0
0
0
0
0
0
0
0
0
0
0
0
0
0
0
0
0
0
0
0
0
0
0
0
0
0
0
0
0
26.6016235351562
285.301177978516
501.702606201172
914.701751708984
1162.29934692383
1044.09866333008
779.595886230469
96.1953125
-653.403564453125
-1241.50381469727
-1827.00140380859
-2041.50045776367
-2115.10037231445
-2138.19805908203
-1812.99761962891
-1382.19512939453
-550.293060302734
617.908843994141
2092.11038208008
3810.31143188477
5689.01177978516
7612.21136474609
9454.01013183594
11080.1080627441
12355.705291748
13167.6019287109
13422.0981750488
13059.4942932129
12062.3905029297
10450.4870910645
8289.58428955078
5682.78228759766
2763.88125610352
-307.118743896484
-3361.21771240234
-6230.41571044922
-8758.51290893555
-10817.6094970703
-12311.5057067871
-13182.9018249512
-13420.3980712891
-13049.294708252
-12136.8919372559
-10781.9898681641
-9101.78863525391
-7232.98822021484
-5308.68856811523
-3452.88961791992
-1777.09115600586
-359.293060302734
743.804870605469
1501.00238037109
1883.80194091797
2163.89962768555
2101.49954223633
2010.99859619141
1741.49618530273
1120.59643554688
518.1953125
-240.404113769531
-868.901336669922
-1076.70065307617
-1144.29824829102
-843.297393798828
-439.698822021484
-239.398376464844
0
0
0
0
0
0
0
0
0
0
0
0
0
0
0
0
0
0
0
0
0
0
0
0
0
0
0
0
0
0
0
0
0
0
0
0
0
0
0
0
0
0
0
0
0
0
0
0
0
0
0
0
0
0
0
0
0
0
0
0
0
0
0
0
0
0
0
0
0
0
0
0
0
0
0
0
0
0
0
0
0
0
0
0
0
0
0
0
0
0
0
0
0
0
0
0
0
0
0
0
0
0
0
0
0
0
0
0
0
0
0
0
0
0
0
0
0
0
0
0
26.6016235351562
285.301177978516
501.702606201172
914.701751708984
1162.29934692383
1044.09866333008
779.595886230469
96.1953125
-653.403564453125
-1241.50381469727
-1827.00140380859
-2041.50045776367
-2115.10037231445
-2138.19805908203
-1812.99761962891
-1382.19512939453
-550.293060302734
617.908843994141
2092.11038208008
3810.31143188477
5689.01177978516
7612.21136474609
9454.01013183594
11080.1080627441
12355.705291748
13167.6019287109
13422.0981750488
13059.4942932129
12062.3905029297
10450.4870910645
8289.58428955078
5682.78228759766
2763.88125610352
-307.118743896484
-3361.21771240234
-6230.41571044922
-8758.51290893555
-10817.6094970703
-12311.5057067871
-13182.9018249512
-13420.3980712891
-13049.294708252
-12136.8919372559
-10781.9898681641
-9101.78863525391
-7232.98822021484
-5308.68856811523
-3452.88961791992
-1777.09115600586
-359.293060302734
743.804870605469
1501.00238037109
1883.80194091797
2163.89962768555
2101.49954223633
2010.99859619141
1741.49618530273
1120.59643554688
518.1953125
-240.404113769531
-868.901336669922
-1076.70065307617
-1144.29824829102
-843.297393798828
-439.698822021484
-239.398376464844
0
0
0
0
0
0
0
0
0
0
0
0
0
0
0
0
0
0
0
0
0
0
0
0
0
0
0
0
0
0
0
0
0
0
0
0
0
0
0
0
0
0
0
0
0
0
0
0
0
0
0
0
0
0
0
0
0
0
0
0
0
0
0
0
0
0
0
0
0
0
0
0
0
0
0
0
0
0
0
0
0
0
0
0
0
0
0
0
0
0
0
0
0
0
0
0
0
0
0
0
0
0
0
0
0
0
0
0
0
0
0
0
0
0
0
0
0
0
0
0
26.6016235351562
285.301177978516
501.702606201172
914.701751708984
1162.29934692383
1044.09866333008
779.595886230469
96.1953125
-653.403564453125
-1241.50381469727
-1827.00140380859
-2041.50045776367
-2115.10037231445
-2138.19805908203
-1812.99761962891
-1382.19512939453
-550.293060302734
617.908843994141
2092.11038208008
3810.31143188477
5689.01177978516
7612.21136474609
9454.01013183594
11080.1080627441
12355.705291748
13167.6019287109
13422.0981750488
13059.4942932129
12062.3905029297
10450.4870910645
8289.58428955078
5682.78228759766
2763.88125610352
-307.118743896484
-3361.21771240234
-6230.41571044922
-8758.51290893555
-10817.6094970703
-12311.5057067871
-13182.9018249512
-13420.3980712891
-13049.294708252
-12136.8919372559
-10781.9898681641
-9101.78863525391
-7232.98822021484
-5308.68856811523
-3452.88961791992
-1777.09115600586
-359.293060302734
743.804870605469
1501.00238037109
1883.80194091797
2163.89962768555
2101.49954223633
2010.99859619141
1741.49618530273
1120.59643554688
518.1953125
-240.404113769531
-868.901336669922
-1076.70065307617
-1144.29824829102
-843.297393798828
-439.698822021484
-239.398376464844
0
0
0
0
0
0
0
0
0
0
0
0
0
0
0
0
0
0
0
0
0
0
0
0
0
0
0
0
0
0
0
0
0
0
0
0
0
0
0
0
0
0
0
0
0
0
0
0
0
0
0
0
0
0
0
0
0
0
0
0
0
0
0
0
0
0
0
0
0
0
0
0
0
0
0
0
0
0
0
0
0
0
0
0
0
0
0
0
0
0
0
0
0
0
0
0
0
0
0
0
0
0
0
0
0
0
0
0
0
0
0
0
0
0
0
0
0
0
0
0
26.6016235351562
285.301177978516
501.702606201172
914.701751708984
1162.29934692383
1044.09866333008
779.595886230469
96.1953125
-653.403564453125
-1241.50381469727
-1827.00140380859
-2041.50045776367
-2115.10037231445
-2138.19805908203
-1812.99761962891
-1382.19512939453
-550.293060302734
617.908843994141
2092.11038208008
3810.31143188477
5689.01177978516
7612.21136474609
9454.01013183594
11080.1080627441
12355.705291748
13167.6019287109
13422.0981750488
13059.4942932129
12062.3905029297
10450.4870910645
8289.58428955078
5682.78228759766
2763.88125610352
-307.118743896484
-3361.21771240234
-6230.41571044922
-8758.51290893555
-10817.6094970703
-12311.5057067871
-13182.9018249512
-13420.3980712891
-13049.294708252
-12136.8919372559
-10781.9898681641
-9101.78863525391
-7232.98822021484
-5308.68856811523
-3452.88961791992
-1777.09115600586
-359.293060302734
743.804870605469
1501.00238037109
1883.80194091797
2163.89962768555
2101.49954223633
2010.99859619141
1741.49618530273
1120.59643554688
518.1953125
-240.404113769531
-868.901336669922
-1076.70065307617
-1144.29824829102
-843.297393798828
-439.698822021484
-239.398376464844
0
0
0
0
0
0
0
0
0
0
0
0
0
0
0
0
0
0
0
0
0
0
0
0
0
0
0
0
0
0
0
0
0
0
0
0
0
0
0
0
0
0
0
0
0
0
0
0
0
0
0
0
0
0
0
0
0
0
0
0
0
0
0
0
0
0
0
0
0
0
0
0
0
0
0
0
0
0
0
0
0
0
0
0
0
0
0
0
0
0
0
0
0
0
0
0
0
0
0
0
0
0
0
0
0
0
0
0
0
0
0
0
0
0
0
0
0
0
0
0
26.6016235351562
285.301177978516
501.702606201172
914.701751708984
1162.29934692383
1044.09866333008
779.595886230469
96.1953125
-653.403564453125
-1241.50381469727
-1827.00140380859
-2041.50045776367
-2115.10037231445
-2138.19805908203
-1812.99761962891
-1382.19512939453
-550.293060302734
617.908843994141
2092.11038208008
3810.31143188477
5689.01177978516
7612.21136474609
9454.01013183594
11080.1080627441
12355.705291748
13167.6019287109
13422.0981750488
13059.4942932129
12062.3905029297
10450.4870910645
8289.58428955078
5682.78228759766
2763.88125610352
-307.118743896484
-3361.21771240234
-6230.41571044922
-8758.51290893555
-10817.6094970703
-12311.5057067871
-13182.9018249512
-13420.3980712891
-13049.294708252
-12136.8919372559
-10781.9898681641
-9101.78863525391
-7232.98822021484
-5308.68856811523
-3452.88961791992
-1777.09115600586
-359.293060302734
743.804870605469
1501.00238037109
1883.80194091797
2163.89962768555
2101.49954223633
2010.99859619141
1741.49618530273
1120.59643554688
518.1953125
-240.404113769531
-868.901336669922
-1076.70065307617
-1144.29824829102
-843.297393798828
-439.698822021484
-239.398376464844
0
0
0
0
0
0
0
0
0
0
0
0
0
0
0
0
0
0
0
0
0
0
0
0
0
0
0
0
0
0
0
0
0
0
0
0
0
0
0
0
0
0
0
0
0
0
0
0
0
0
0
0
0
0
0
0
0
0
0
0
0
0
0
0
0
0
0
0
0
0
0
0
0
0
0
0
0
0
0
0
0
0
0
0
0
0
0
0
0
0
0
0
0
0
0
0
0
0
0
0
0
0
0
0
0
0
0
0
0
0
0
0
0
0
0
0
0
0
0
0
