0.00081181712448597
0.00140084233134985
0.00189220532774925
0.00217908807098866
0.00217298418283463
0.00180675089359283
0.00105902459472418
-4.27272170782089e-05
-0.00140389427542686
-0.00287798326462507
-0.00346395652741194
-0.00397363118827343
-0.00405298173427582
-0.00360434595495462
-0.00255142524838448
-0.000872856006026268
0.00141610205173492
0.00425135809928179
0.00753830187022686
0.0111548556014895
0.0173897296190262
0.0229929191991687
0.0282024377956986
0.032569682225585
0.0357314981520176
0.0374040752649307
0.0374714462086558
0.035982433706522
0.0332025280222297
0.0295650605112314
0.0280697867274284
0.0262784510850906
0.0252560740336776
0.0252986643463373
0.0266411984339356
0.0293660722672939
0.033461082726717
0.0387858599424362
0.0451390044763684
0.0522519825026393
0.0606253575533628
0.0689224228262901
0.0770028308033943
0.0845217509195209
0.0912197977304459
0.0968772564083338
0.101381220854819
0.104673714376986
0.106773054227233
0.107731125317514
0.108442148193717
0.107731125317514
0.106773054227233
0.104673714376986
0.101381220854819
0.0968772564083338
0.0912197977304459
0.0845217509195209
0.0770028308033943
0.0689224228262901
0.0630605611950159
0.0564540820196271
0.0508150430396199
0.0453224591910839
0.0399793721735477
0.0347857736051083
0.0298179490491748
0.0251704957336187
0.0210448196157813
0.0176453795284033
0.0176789741963148
0.0176453795284033
0.0210448196157813
0.0251704957336187
0.0298179490491748
0.0347857736051083
0.0399793721735477
0.0453224591910839
0.0508150430396199
0.0564540820196271
0.061436926946044
0.0661207381635904
0.0732184201478958
0.0801635747775435
0.0868738293647766
0.0932637546211481
0.0992631716653705
0.104759168811142
0.109580842778087
0.113487091846764
0.115370061248541
0.115678387694061
0.114879017695785
0.111882406286895
0.106484071351588
0.0986229684203863
0.088387593626976
0.0760190347209573
0.0619262270629406
0.046612711623311
0.0282811019569635
0.0104682436212897
-0.00558983255177736
-0.0198169052600861
-0.0314836241304874
-0.0400223769247532
-0.0451249433681369
-0.0467943716794252
-0.045360236428678
-0.0414847414940596
-0.0384605992585421
-0.034911522641778
-0.0294673284515738
-0.0254268329590559
-0.0234644478186965
-0.0239463709294796
-0.0269427932798862
-0.0322492606937885
-0.0394629659131169
-0.0480498829856515
-0.0581901539117098
-0.0689224228262901
-0.0770028308033943
-0.0845217509195209
-0.0912197977304459
-0.0968772564083338
-0.101381220854819
-0.104673714376986
-0.106773054227233
-0.107731125317514
-0.108442148193717
-0.107731125317514
-0.106773054227233
-0.104673714376986
-0.101381220854819
-0.0968772564083338
-0.0912197977304459
-0.0845217509195209
-0.0770028308033943
-0.0689224228262901
-0.0630605611950159
-0.0564540820196271
-0.0508150430396199
-0.0453224591910839
-0.0399793721735477
-0.0347857736051083
-0.0298179490491748
-0.0251704957336187
-0.0210448196157813
-0.0176453795284033
-0.0176789741963148
-0.0176453795284033
-0.0210448196157813
-0.0251704957336187
-0.0298179490491748
-0.0347857736051083
-0.0399793721735477
-0.0453224591910839
-0.0508150430396199
-0.0564540820196271
-0.0622487440705299
-0.0675215804949403
-0.0751106254756451
-0.0823426628485322
-0.0890468135476112
-0.0950705055147409
-0.100322196260095
-0.104716441594064
-0.10817694850266
-0.110609108582139
-0.111906104721129
-0.111704756505787
-0.110826035961509
-0.108278060331941
-0.103932646103203
-0.09775011241436
-0.0898036956787109
-0.0802703928202391
-0.0694645289331675
-0.0577675672248006
-0.0456708315759897
-0.0334611628204584
-0.0226126052439213
-0.0127527769654989
-0.00424787402153015
0.00261830165982246
