0
0.5
0.5
0.5
0.5
1.22464679914735e-16
-0.5
-0.5
-0.5
-0.5
-2.44929359829471e-16
0.5
0.5
0.5
0.5
3.67394039744206e-16
-0.5
-0.5
-0.5
-0.5
-4.89858719658941e-16
0.5
0.5
0.5
0.5
-1.16403343982657e-15
-0.5
-0.5
-0.5
-0.5
-7.34788079488412e-16
0.5
0.5
0.5
0.5
-2.69546091939735e-15
-0.5
-0.5
-0.5
-0.5
-9.79717439317883e-16
0.5
0.5
0.5
0.5
1.10218211923262e-15
-0.5
-0.5
-0.5
-0.5
2.32806687965315e-15
0.5
0.5
0.5
0.5
-2.20560219973841e-15
-0.5
-0.5
-0.5
-0.5
-1.46957615897682e-15
0.5
0.5
0.5
0.5
-1.96067283990894e-15
-0.5
-0.5
-0.5
-0.5
5.39092183879471e-15
0.5
0.5
0.5
0.5
-1.71574348007947e-15
-0.5
-0.5
-0.5
-0.5
-1.95943487863577e-15
0.5
0.5
0.5
0.5
-1.47081412025e-15
-0.5
-0.5
-0.5
-0.5
-2.20436423846524e-15
0.5
0.5
0.5
0.5
-1.22588476042053e-15
-0.5
-0.5
-0.5
-0.5
4.6561337593063e-15
0.5
0.5
0.5
0.5
-9.80955400591059e-16
-0.5
-0.5
-0.5
-0.5
4.41120439947682e-15
0.5
0.5
0.5
0.5
-7.84145339836259e-15
-0.5
-0.5
-0.5
-0.5
-2.93915231795365e-15
0.5
0.5
0.5
0.5
-4.91096680932118e-16
-0.5
-0.5
-0.5
-0.5
3.92134567981788e-15
0.5
0.5
0.5
0.5
-7.35159467870365e-15
-0.5
-0.5
-0.5
-0.5
1.07818436775894e-14
0.5
0.5
0.5
0.5
-1.23796127317672e-18
-0.5
-0.5
-0.5
-0.5
3.43148696015894e-15
0.5
0.5
0.5
0.5
-6.86173595904471e-15
-0.5
-0.5
-0.5
-0.5
-3.91886975727153e-15
0.5
0.5
0.5
0.5
4.88620758385765e-16
-0.5
-0.5
-0.5
-0.5
2.9416282405e-15
0.5
0.5
0.5
0.5
-6.37187723938577e-15
-0.5
-0.5
-0.5
-0.5
-4.40872847693047e-15
0.5
0.5
0.5
0.5
9.78479478044706e-16
-0.5
-0.5
-0.5
-0.5
2.45176952084106e-15
0.5
0.5
0.5
0.5
-5.88201851972683e-15
-0.5
-0.5
-0.5
-0.5
9.31226751861259e-15
0.5
0.5
0.5
0.5
-1.27425165174984e-14
-0.5
-0.5
-0.5
-0.5
1.96191080118212e-15
0.5
0.5
0.5
0.5
8.81869491513412e-15
-0.5
-0.5
-0.5
-0.5
8.82240879895365e-15
0.5
0.5
0.5
0.5
1.95819691736259e-15
-0.5
-0.5
-0.5
-0.5
1.56829067967252e-14
0.5
0.5
0.5
0.5
-4.90230108040894e-15
-0.5
-0.5
-0.5
-0.5
-5.8783046359073e-15
0.5
0.5
0.5
0.5
-1.17627990781805e-14
-0.5
-0.5
-0.5
-0.5
9.82193361864236e-16
0.5
0.5
0.5
0.5
9.798412354452e-15
-0.5
-0.5
-0.5
-0.5
7.84269135963577e-15
0.5
0.5
0.5
0.5
2.93791435668047e-15
-0.5
-0.5
-0.5
-0.5
1.47031893574073e-14
0.5
0.5
0.5
0.5
-3.92258364109106e-15
-0.5
-0.5
-0.5
-0.5
2.15636873551788e-14
0.5
0.5
0.5
0.5
-1.07830816388626e-14
-0.5
-0.5
-0.5
-0.5
2.47592254635343e-18
0.5
0.5
0.5
0.5
1.07781297937699e-14
-0.5
-0.5
-0.5
-0.5
6.86297392031788e-15
0.5
0.5
0.5
0.5
3.91763179599835e-15
-0.5
-0.5
-0.5
-0.5
1.37234719180894e-14
0.5
0.5
0.5
0.5
-2.94286620177318e-15
-0.5
-0.5
-0.5
-0.5
-7.83773951454306e-15
0.5
0.5
0.5
0.5
-9.80336419954471e-15
-0.5
-0.5
-0.5
-0.5
-9.77241516771529e-16
0.5
0.5
0.5
0.5
-1.66638621973162e-14
-0.5
-0.5
-0.5
-0.5
5.883256481e-15
0.5
0.5
0.5
0.5
-2.35243601950878e-14
-0.5
-0.5
-0.5
-0.5
1.27437544787715e-14
0.5
0.5
0.5
0.5
-1.9631487624553e-15
-0.5
-0.5
-0.5
-0.5
-8.81745695386094e-15
0.5
0.5
0.5
0.5
-8.82364676022683e-15
-0.5
-0.5
-0.5
-0.5
-1.95695895608941e-15
0.5
0.5
0.5
0.5
1.27375646724056e-14
-0.5
-0.5
-0.5
-0.5
4.90353904168212e-15
0.5
0.5
0.5
0.5
5.87706667463412e-15
-0.5
-0.5
-0.5
-0.5
1.17640370394537e-14
0.5
0.5
0.5
0.5
-9.83431323137413e-16
-0.5
-0.5
-0.5
-0.5
1.86245350372252e-14
0.5
0.5
0.5
0.5
-7.84392932090894e-15
-0.5
-0.5
-0.5
-0.5
2.54850330349967e-14
0.5
0.5
0.5
0.5
-1.47044273186805e-14
-0.5
-0.5
-0.5
-0.5
3.92382160236424e-15
0.5
0.5
0.5
0.5
6.856784113952e-15
-0.5
-0.5
-0.5
-0.5
-1.76373898302682e-14
0.5
0.5
0.5
0.5
-2.84254233142235e-14
-0.5
-0.5
-0.5
-0.5
1.76448175979073e-14
0.5
0.5
0.5
0.5
-6.86421188159106e-15
-0.5
-0.5
-0.5
-0.5
-3.91639383472518e-15
0.5
0.5
0.5
0.5
1.46969995510414e-14
-0.5
-0.5
-0.5
-0.5
3.13658135934504e-14
0.5
0.5
0.5
0.5
-2.05852078771341e-14
-0.5
-0.5
-0.5
-0.5
9.80460216081789e-15
0.5
0.5
0.5
0.5
9.76003555498352e-16
-0.5
-0.5
-0.5
-0.5
-1.17566092718146e-14
0.5
0.5
0.5
0.5
2.25372149881308e-14
-0.5
-0.5
-0.5
-0.5
2.35255981563609e-14
0.5
0.5
0.5
0.5
-1.27449924400447e-14
-0.5
-0.5
-0.5
-0.5
1.96438672372847e-15
0.5
0.5
0.5
0.5
8.81621899258777e-15
-0.5
-0.5
-0.5
-0.5
-1.9596824708904e-14
0.5
0.5
0.5
0.5
-2.64659884355878e-14
-0.5
-0.5
-0.5
-0.5
1.56853827192715e-14
0.5
0.5
0.5
0.5
-4.9047770029553e-15
-0.5
-0.5
-0.5
-0.5
-5.87582871336094e-15
0.5
0.5
0.5
0.5
-4.01869844311308e-14
-0.5
-0.5
-0.5
-0.5
2.94063787148146e-14
0.5
0.5
0.5
0.5
-1.86257729984984e-14
-0.5
-0.5
-0.5
-0.5
7.84516728218212e-15
0.5
0.5
0.5
0.5
-5.39079804266739e-14
-0.5
-0.5
-0.5
-0.5
4.31273747103577e-14
0.5
0.5
0.5
0.5
-3.23467689940414e-14
-0.5
-0.5
-0.5
-0.5
2.15661632777252e-14
0.5
0.5
0.5
0.5
-6.7628976422217e-14
-0.5
-0.5
-0.5
-0.5
4.95184509270686e-18
0.5
0.5
0.5
0.5
1.07756538712235e-14
-0.5
-0.5
-0.5
-0.5
-2.15562595875398e-14
0.5
0.5
0.5
0.5
3.2336865303856e-14
-0.5
-0.5
-0.5
-0.5
1.37259478406358e-14
0.5
0.5
0.5
0.5
-2.94534212431953e-15
-0.5
-0.5
-0.5
-0.5
-7.83526359199671e-15
0.5
0.5
0.5
0.5
1.86158693083129e-14
-0.5
-0.5
-0.5
-0.5
2.74469438361788e-14
0.5
0.5
0.5
0.5
-1.66663381198626e-14
-0.5
-0.5
-0.5
-0.5
5.88573240354636e-15
0.5
0.5
0.5
0.5
4.89487331276988e-15
-0.5
-0.5
-0.5
-0.5
-1.56754790290861e-14
0.5
0.5
0.5
0.5
-3.03873341154057e-14
-0.5
-0.5
-0.5
-0.5
1.96067283990894e-14
0.5
0.5
0.5
0.5
-8.82612268277318e-15
-0.5
-0.5
-0.5
-0.5
-1.95448303354306e-15
0.5
0.5
0.5
0.5
-4.41083301109487e-14
-0.5
-0.5
-0.5
-0.5
3.33277243946325e-14
0.5
0.5
0.5
0.5
-2.25471186783162e-14
-0.5
-0.5
-0.5
-0.5
1.1766512962e-14
0.5
0.5
0.5
0.5
-5.78293261064918e-14
-0.5
-0.5
-0.5
-0.5
4.70487203901755e-14
0.5
0.5
0.5
0.5
-3.62681146738593e-14
-0.5
-0.5
-0.5
-0.5
2.54875089575431e-14
0.5
0.5
0.5
0.5
4.21365156195812e-14
-0.5
-0.5
-0.5
-0.5
3.92629752491059e-15
0.5
0.5
0.5
0.5
6.85430819140565e-15
-0.5
-0.5
-0.5
-0.5
-1.76349139077219e-14
0.5
0.5
0.5
0.5
2.84155196240381e-14
-0.5
-0.5
-0.5
-0.5
1.76472935204537e-14
0.5
0.5
0.5
0.5
-6.86668780413741e-15
-0.5
-0.5
-0.5
-0.5
-3.91391791217882e-15
0.5
0.5
0.5
0.5
1.46945236284951e-14
-0.5
-0.5
-0.5
-0.5
-2.54751293448113e-14
0.5
0.5
0.5
0.5
-2.05876837996805e-14
-0.5
-0.5
-0.5
-0.5
9.80707808336424e-15
0.5
0.5
0.5
0.5
9.73527632951999e-16
-0.5
-0.5
-0.5
-0.5
-1.17541333492682e-14
0.5
0.5
0.5
0.5
-3.43086797952235e-14
-0.5
-0.5
-0.5
-0.5
2.35280740789073e-14
0.5
0.5
0.5
0.5
-1.27474683625911e-14
-0.5
-0.5
-0.5
-0.5
1.96686264627483e-15
0.5
0.5
0.5
0.5
-4.80296757907666e-14
-0.5
-0.5
-0.5
-0.5
3.72490700744504e-14
0.5
0.5
0.5
0.5
-2.64684643581341e-14
-0.5
-0.5
-0.5
-0.5
1.56878586418179e-14
0.5
0.5
0.5
0.5
-6.17506717863097e-14
-0.5
-0.5
-0.5
-0.5
5.09700660699934e-14
0.5
0.5
0.5
0.5
-4.01894603536772e-14
-0.5
-0.5
-0.5
-0.5
2.9408854637361e-14
0.5
0.5
0.5
0.5
-1.86282489210447e-14
-0.5
-0.5
-0.5
-0.5
7.84764320472847e-15
0.5
0.5
0.5
0.5
2.93296251158776e-15
-0.5
-0.5
-0.5
-0.5
-1.3713568227904e-14
0.5
0.5
0.5
0.5
2.44941739442202e-14
-0.5
-0.5
-0.5
-0.5
-3.52747796605365e-14
0.5
0.5
0.5
0.5
4.60553853768527e-14
-0.5
-0.5
-0.5
-0.5
5.68508466284471e-14
0.5
0.5
0.5
0.5
-4.60702409121308e-14
-0.5
-0.5
-0.5
-0.5
3.52896351958146e-14
0.5
0.5
0.5
0.5
-2.45090294794984e-14
-0.5
-0.5
-0.5
-0.5
1.37284237631821e-14
0.5
0.5
0.5
0.5
-2.94781804686588e-15
-0.5
-0.5
-0.5
-0.5
-7.83278766945035e-15
0.5
0.5
0.5
0.5
1.86133933857666e-14
-0.5
-0.5
-0.5
-0.5
-2.93939991020828e-14
0.5
0.5
0.5
0.5
-7.3512232903217e-14
-0.5
-0.5
-0.5
-0.5
6.27316271869007e-14
0.5
0.5
0.5
0.5
-5.19510214705845e-14
-0.5
-0.5
-0.5
-0.5
4.11704157542682e-14
0.5
0.5
0.5
0.5
-3.0389810037952e-14
-0.5
-0.5
-0.5
-0.5
1.96092043216358e-14
0.5
0.5
0.5
0.5
-8.82859860531953e-15
-0.5
-0.5
-0.5
-0.5
-1.9520071109967e-15
0.5
0.5
0.5
0.5
-1.00954224894303e-13
-0.5
-0.5
-0.5
-0.5
-2.35132185436292e-14
0.5
0.5
0.5
0.5
3.42938242599454e-14
-0.5
-0.5
-0.5
-0.5
-4.50744299762617e-14
0.5
0.5
0.5
0.5
5.58550356925779e-14
-0.5
-0.5
-0.5
-0.5
4.70511963127219e-14
0.5
0.5
0.5
0.5
-3.62705905964057e-14
-0.5
-0.5
-0.5
-0.5
2.54899848800894e-14
0.5
0.5
0.5
0.5
-1.47093791637732e-14
-0.5
-0.5
-0.5
-0.5
3.92877344745694e-15
0.5
0.5
0.5
0.5
-1.06835005452757e-13
-0.5
-0.5
-0.5
-0.5
-1.76324379851755e-14
0.5
0.5
0.5
0.5
-8.52737940201243e-14
-0.5
-0.5
-0.5
-0.5
-3.9193649417808e-14
0.5
0.5
0.5
0.5
4.99742551341242e-14
-0.5
-0.5
-0.5
-0.5
5.29319768711755e-14
0.5
0.5
0.5
0.5
7.15354665667567e-14
-0.5
-0.5
-0.5
-0.5
3.13707654385431e-14
0.5
0.5
0.5
0.5
9.30966779993892e-14
-0.5
-0.5
-0.5
-0.5
9.80955400591059e-15
0.5
0.5
0.5
0.5
9.71051710405645e-16
-0.5
-0.5
-0.5
-0.5
-1.17516574267219e-14
0.5
0.5
0.5
0.5
2.25322631430381e-14
-0.5
-0.5
-0.5
-0.5
8.03739688622617e-14
0.5
0.5
0.5
0.5
4.40934745756706e-14
-0.5
-0.5
-0.5
-0.5
5.88127574296292e-14
0.5
0.5
0.5
0.5
6.56546860083031e-14
-0.5
-0.5
-0.5
-0.5
3.72515459969967e-14
0.5
0.5
0.5
0.5
-2.64709402806805e-14
-0.5
-0.5
-0.5
-0.5
1.56903345643642e-14
0.5
0.5
0.5
0.5
-4.909728848048e-15
-0.5
-0.5
-0.5
-0.5
1.07815960853348e-13
0.5
0.5
0.5
0.5
1.66514825845845e-14
-0.5
-0.5
-0.5
-0.5
8.62547494207153e-14
0.5
0.5
0.5
0.5
3.82126940172169e-14
-0.5
-0.5
-0.5
-0.5
6.46935379880828e-14
0.5
0.5
0.5
0.5
-5.39129322717666e-14
-0.5
-0.5
-0.5
-0.5
4.31323265554504e-14
0.5
0.5
0.5
0.5
-3.23517208391341e-14
-0.5
-0.5
-0.5
-0.5
1.35257952844434e-13
0.5
0.5
0.5
0.5
-1.07905094065017e-14
-0.5
-0.5
-0.5
-0.5
9.90369018541372e-18
0.5
0.5
0.5
0.5
1.07707020261308e-14
-0.5
-0.5
-0.5
-0.5
-2.15513077424471e-14
0.5
0.5
0.5
0.5
-8.13549242628527e-14
-0.5
-0.5
-0.5
-0.5
-4.31125191750795e-14
0.5
0.5
0.5
0.5
-5.97937128302203e-14
-0.5
-0.5
-0.5
-0.5
-6.4673730607712e-14
0.5
0.5
0.5
0.5
-3.82325013975878e-14
-0.5
-0.5
-0.5
-0.5
2.74518956812715e-14
0.5
0.5
0.5
0.5
-1.66712899649553e-14
-0.5
-0.5
-0.5
-0.5
5.89068424863906e-15
0.5
0.5
0.5
0.5
-1.08796916253939e-13
-0.5
-0.5
-0.5
-0.5
-1.56705271839934e-14
0.5
0.5
0.5
0.5
-8.72357048213064e-14
-0.5
-0.5
-0.5
-0.5
-3.72317386166259e-14
0.5
0.5
0.5
0.5
-6.56744933886739e-14
-0.5
-0.5
-0.5
-0.5
5.48938876723577e-14
0.5
0.5
0.5
0.5
-4.41132819560414e-14
-0.5
-0.5
-0.5
-0.5
3.33326762397252e-14
0.5
0.5
0.5
0.5
-2.2552070523409e-14
-0.5
-0.5
-0.5
-0.5
1.17714648070927e-14
0.5
0.5
0.5
0.5
-1.14677696812392e-13
-0.5
-0.5
-0.5
-0.5
-9.78974662553976e-15
0.5
0.5
0.5
0.5
-9.311648537976e-14
-0.5
-0.5
-0.5
-0.5
-3.13509580581722e-14
0.5
0.5
0.5
0.5
4.21315637744885e-14
-0.5
-0.5
-0.5
-0.5
6.07746682308113e-14
0.5
0.5
0.5
0.5
6.36927752071209e-14
-0.5
-0.5
-0.5
-0.5
3.92134567981788e-14
0.5
0.5
0.5
0.5
8.52539866397534e-14
-0.5
-0.5
-0.5
-0.5
1.76522453655464e-14
0.5
0.5
0.5
0.5
-6.87163964923012e-15
-0.5
-0.5
-0.5
-0.5
-3.90896606708612e-15
0.5
0.5
0.5
0.5
1.46895717834024e-14
-0.5
-0.5
-0.5
-0.5
8.82166602218974e-14
0.5
0.5
0.5
0.5
3.62507832160348e-14
-0.5
-0.5
-0.5
-0.5
6.6655448789265e-14
0.5
0.5
0.5
0.5
5.78119946486673e-14
-0.5
-0.5
-0.5
-0.5
4.50942373566325e-14
0.5
0.5
0.5
0.5
-3.43136316403162e-14
-0.5
-0.5
-0.5
-0.5
2.3533025924e-14
0.5
0.5
0.5
0.5
-1.27524202076838e-14
-0.5
-0.5
-0.5
-0.5
1.15658652212984e-13
0.5
0.5
0.5
0.5
8.80879122494871e-15
-0.5
-0.5
-0.5
-0.5
9.40974407803511e-14
0.5
0.5
0.5
0.5
3.03700026575812e-14
-0.5
-0.5
-0.5
-0.5
7.25362293477186e-14
0.5
0.5
0.5
0.5
-6.17556236314024e-14
-0.5
-0.5
-0.5
-0.5
5.09750179150861e-14
0.5
0.5
0.5
0.5
-4.01944121987699e-14
-0.5
-0.5
-0.5
-0.5
-8.42730312391624e-14
0.5
0.5
0.5
0.5
-1.86332007661374e-14
-0.5
-0.5
-0.5
-0.5
7.85259504982118e-15
0.5
0.5
0.5
0.5
2.92801066649506e-15
-0.5
-0.5
-0.5
-0.5
-1.37086163828113e-14
0.5
0.5
0.5
0.5
-8.91976156224885e-14
-0.5
-0.5
-0.5
-0.5
-3.52698278154438e-14
0.5
0.5
0.5
0.5
-6.7636404189856e-14
-0.5
-0.5
-0.5
-0.5
-5.68310392480762e-14
0.5
0.5
0.5
0.5
-4.60751927572235e-14
-0.5
-0.5
-0.5
-0.5
3.52945870409073e-14
0.5
0.5
0.5
0.5
-2.45139813245911e-14
-0.5
-0.5
-0.5
-0.5
1.37333756082748e-14
0.5
0.5
0.5
0.5
-1.16639607613575e-13
-0.5
-0.5
-0.5
-0.5
-7.82783582435765e-15
0.5
0.5
0.5
0.5
-9.50783961809421e-14
-0.5
-0.5
-0.5
-0.5
-2.93890472569901e-14
0.5
0.5
0.5
0.5
-7.35171847483097e-14
-0.5
-0.5
-0.5
-0.5
-5.09502586896226e-14
0.5
0.5
0.5
0.5
6.17308644059388e-14
-0.5
-0.5
-0.5
-0.5
4.1175367599361e-14
0.5
0.5
0.5
0.5
8.32920758385713e-14
-0.5
-0.5
-0.5
-0.5
1.96141561667285e-14
0.5
0.5
0.5
0.5
1.04853287271204e-13
-0.5
-0.5
-0.5
-0.5
-1.947055265904e-15
0.5
0.5
0.5
0.5
1.27276609822202e-14
-0.5
-0.5
-0.5
-0.5
-2.35082666985365e-14
0.5
0.5
0.5
0.5
3.42888724148527e-14
-0.5
-0.5
-0.5
-0.5
6.86173595904471e-14
0.5
0.5
0.5
0.5
5.58500838474852e-14
-0.5
-0.5
-0.5
-0.5
4.70561481578146e-14
0.5
0.5
0.5
0.5
7.74112952801177e-14
-0.5
-0.5
-0.5
-0.5
2.54949367251821e-14
0.5
0.5
0.5
0.5
-1.47143310088659e-14
-0.5
-0.5
-0.5
-0.5
3.93372529254965e-15
0.5
0.5
0.5
0.5
6.84688042376659e-15
-0.5
-0.5
-0.5
-0.5
9.60593515815332e-14
0.5
0.5
0.5
0.5
2.84080918563991e-14
-0.5
-0.5
-0.5
-0.5
-3.91886975727153e-14
0.5
0.5
0.5
0.5
4.99693032890315e-14
-0.5
-0.5
-0.5
-0.5
-6.07499090053478e-14
0.5
0.5
0.5
0.5
-4.2156322999952e-14
-0.5
-0.5
-0.5
-0.5
-8.23111204379802e-14
0.5
0.5
0.5
0.5
-2.05951115673195e-14
-0.5
-0.5
-0.5
-0.5
-1.03872331870613e-13
0.5
0.5
0.5
0.5
9.66099865312939e-16
-0.5
-0.5
-0.5
-0.5
-1.25433543303245e-13
0.5
0.5
0.5
0.5
2.25273112979454e-14
-0.5
-0.5
-0.5
-0.5
-1.46994754735878e-13
0.5
0.5
0.5
0.5
4.40885227305779e-14
-0.5
-0.5
-0.5
-0.5
5.88177092747219e-14
0.5
0.5
0.5
0.5
6.56497341632104e-14
-0.5
-0.5
-0.5
-0.5
3.72564978420894e-14
0.5
0.5
0.5
0.5
-1.40162729847389e-13
-0.5
-0.5
-0.5
-0.5
1.56952864094569e-14
0.5
0.5
0.5
0.5
-1.18601518414757e-13
-0.5
-0.5
-0.5
-0.5
-5.86592502317553e-15
0.5
0.5
0.5
0.5
-9.70403069821243e-14
-0.5
-0.5
-0.5
-0.5
-2.7427136455808e-14
0.5
0.5
0.5
0.5
-7.54790955494918e-14
-0.5
-0.5
-0.5
-0.5
-4.89883478884405e-14
0.5
0.5
0.5
0.5
-5.39178841168593e-14
-0.5
-0.5
-0.5
-0.5
-7.0549559321073e-14
0.5
0.5
0.5
0.5
-3.23566726842268e-14
-0.5
-0.5
-0.5
-0.5
-9.21107707537054e-14
0.5
0.5
0.5
0.5
-1.07954612515944e-14
-0.5
-0.5
-0.5
-0.5
1.13701693256894e-13
0.5
0.5
0.5
0.5
1.07657501810381e-14
-0.5
-0.5
-0.5
-0.5
9.21404818242617e-14
0.5
0.5
0.5
0.5
3.23269616136706e-14
-0.5
-0.5
-0.5
-0.5
7.05792703916292e-14
0.5
0.5
0.5
0.5
5.38881730463031e-14
-0.5
-0.5
-0.5
-0.5
4.90180589589967e-14
0.5
0.5
0.5
0.5
7.54493844789355e-14
-0.5
-0.5
-0.5
-0.5
2.74568475263642e-14
0.5
0.5
0.5
0.5
9.7010595911568e-14
-0.5
-0.5
-0.5
-0.5
5.89563609373177e-15
0.5
0.5
0.5
0.5
1.185718073442e-13
-0.5
-0.5
-0.5
-0.5
-1.56655753389007e-14
0.5
0.5
0.5
0.5
1.40133018776833e-13
-0.5
-0.5
-0.5
-0.5
-3.72267867715332e-14
0.5
0.5
0.5
0.5
-6.56794452337666e-14
-0.5
-0.5
-0.5
-0.5
-5.87879982041657e-14
0.5
0.5
0.5
0.5
-4.41182338011341e-14
-0.5
-0.5
-0.5
-0.5
1.47024465806434e-13
0.5
0.5
0.5
0.5
-2.25570223685017e-14
-0.5
-0.5
-0.5
-0.5
1.25463254373801e-13
0.5
0.5
0.5
0.5
-9.9581093586918e-16
-0.5
-0.5
-0.5
-0.5
-1.23471632502063e-13
0.5
0.5
0.5
0.5
2.05654004967633e-14
-0.5
-0.5
-0.5
-0.5
-1.45032843934696e-13
0.5
0.5
0.5
0.5
4.21266119293958e-14
-0.5
-0.5
-0.5
-0.5
-1.66594055367328e-13
0.5
0.5
0.5
0.5
6.36878233620282e-14
-0.5
-0.5
-0.5
-0.5
3.92184086432715e-14
0.5
0.5
0.5
0.5
8.52490347946607e-14
-0.5
-0.5
-0.5
-0.5
1.76571972106391e-14
0.5
0.5
0.5
0.5
-1.20563429215939e-13
-0.5
-0.5
-0.5
-0.5
-3.90401422199341e-15
0.5
0.5
0.5
0.5
-9.90022177833064e-14
-0.5
-0.5
-0.5
-0.5
-2.54652256546259e-14
0.5
0.5
0.5
0.5
-7.74410063506739e-14
-0.5
-0.5
-0.5
-0.5
-4.70264370872584e-14
0.5
0.5
0.5
0.5
-5.58797949180414e-14
-0.5
-0.5
-0.5
-0.5
-6.85876485198908e-14
0.5
0.5
0.5
0.5
-3.4318583485409e-14
-0.5
-0.5
-0.5
-0.5
-9.01488599525233e-14
0.5
0.5
0.5
0.5
-1.27573720527765e-14
-0.5
-0.5
-0.5
-0.5
-1.11710071385156e-13
0.5
0.5
0.5
0.5
8.803839379856e-15
-0.5
-0.5
-0.5
-0.5
9.41023926254438e-14
0.5
0.5
0.5
0.5
3.03650508124885e-14
-0.5
-0.5
-0.5
-0.5
7.25411811928113e-14
0.5
0.5
0.5
0.5
-1.75447413198111e-13
-0.5
-0.5
-0.5
-0.5
5.09799697601788e-14
0.5
0.5
0.5
0.5
7.34874736777534e-14
-0.5
-0.5
-0.5
-0.5
2.94187583275464e-14
0.5
0.5
0.5
0.5
9.50486851103859e-14
-0.5
-0.5
-0.5
-0.5
7.85754689491389e-15
0.5
0.5
0.5
0.5
1.16609896543018e-13
-0.5
-0.5
-0.5
-0.5
-1.37036645377186e-14
0.5
0.5
0.5
0.5
-8.92025674675812e-14
-0.5
-0.5
-0.5
-0.5
-3.52648759703511e-14
0.5
0.5
0.5
0.5
1.59732319408283e-13
-0.5
-0.5
-0.5
-0.5
1.70547588040249e-13
0.5
0.5
0.5
0.5
-4.60801446023163e-14
-0.5
-0.5
-0.5
-0.5
-7.8387298835616e-14
0.5
0.5
0.5
0.5
-2.45189331696838e-14
-0.5
-0.5
-0.5
-0.5
-9.99485102682485e-14
0.5
0.5
0.5
0.5
2.24415953706181e-13
-0.5
-0.5
-0.5
-0.5
1.05863953742351e-13
0.5
0.5
0.5
0.5
1.86034896955812e-14
-0.5
-0.5
-0.5
-0.5
-1.43070933133513e-13
0.5
0.5
0.5
0.5
-1.87208974315018e-13
-0.5
-0.5
-0.5
-0.5
6.27415308770861e-14
0.5
0.5
0.5
0.5
6.17259125608461e-14
-0.5
-0.5
-0.5
-0.5
-1.86193355998778e-13
0.5
0.5
0.5
0.5
8.32871239934786e-14
-0.5
-0.5
-0.5
-0.5
1.96191080118212e-14
0.5
0.5
0.5
0.5
1.04848335426111e-13
-0.5
-0.5
-0.5
-0.5
-1.94210342081129e-15
0.5
0.5
0.5
0.5
-1.00964128584488e-13
-0.5
-0.5
-0.5
-0.5
-2.35033148534438e-14
0.5
0.5
0.5
0.5
-7.9402917151856e-14
-0.5
-0.5
-0.5
-0.5
-4.50645262860762e-14
0.5
0.5
0.5
0.5
1.69531969724009e-13
-0.5
-0.5
-0.5
-0.5
1.60747937724523e-13
0.5
0.5
0.5
0.5
-3.62804942865911e-14
-0.5
-0.5
-0.5
-0.5
-8.81869491513412e-14
0.5
0.5
0.5
0.5
-2.42092958297191e-13
-0.5
-0.5
-0.5
-0.5
1.17625514859258e-13
0.5
0.5
0.5
0.5
6.84192857867388e-15
-0.5
-0.5
-0.5
-0.5
-1.31309372016606e-13
0.5
0.5
0.5
0.5
2.84031400113064e-14
-0.5
-0.5
-0.5
-0.5
-1.52870583449239e-13
0.5
0.5
0.5
0.5
4.99643514439388e-14
-0.5
-0.5
-0.5
-0.5
5.2941880561361e-14
0.5
0.5
0.5
0.5
7.15255628765713e-14
-0.5
-0.5
-0.5
-0.5
3.13806691287285e-14
0.5
0.5
0.5
0.5
-1.34286901134028e-13
-0.5
-0.5
-0.5
-0.5
9.81945769609601e-15
0.5
0.5
0.5
0.5
1.14647985741836e-13
-0.5
-0.5
-0.5
-0.5
-2.39115429179769e-13
0.5
0.5
0.5
0.5
-9.11644782687633e-14
-0.5
-0.5
-0.5
-0.5
-3.33029651691689e-14
0.5
0.5
0.5
0.5
1.57770408607101e-13
-0.5
-0.5
-0.5
-0.5
1.72509498841431e-13
0.5
0.5
0.5
0.5
-4.80420554034984e-14
-0.5
-0.5
-0.5
-0.5
-7.64253880344339e-14
0.5
0.5
0.5
0.5
-2.64808439708659e-14
-0.5
-0.5
-0.5
-0.5
-9.79865994670664e-14
0.5
0.5
0.5
0.5
-4.91963253823342e-15
-0.5
-0.5
-0.5
-0.5
1.07825864543533e-13
0.5
0.5
0.5
0.5
1.66415788943991e-14
-0.5
-0.5
-0.5
-0.5
8.62646531109007e-14
0.5
0.5
0.5
0.5
-1.89170885116201e-13
-0.5
-0.5
-0.5
-0.5
6.47034416782683e-14
0.5
0.5
0.5
0.5
5.9764001759664e-14
-0.5
-0.5
-0.5
-0.5
-1.84231445197596e-13
0.5
0.5
0.5
0.5
8.13252131922965e-14
-0.5
-0.5
-0.5
-0.5
2.15810188130033e-14
0.5
0.5
0.5
0.5
1.02886424624929e-13
-0.5
-0.5
-0.5
-0.5
1.98073803708274e-17
0.5
0.5
0.5
0.5
-1.02926039385671e-13
-0.5
-0.5
-0.5
-0.5
-2.15414040522616e-14
0.5
0.5
0.5
0.5
-8.13648279530381e-14
-0.5
-0.5
-0.5
-0.5
-4.31026154848941e-14
0.5
0.5
0.5
0.5
1.67570058922826e-13
-0.5
-0.5
-0.5
-0.5
1.62709848525705e-13
0.5
0.5
0.5
0.5
-3.82424050877732e-14
-0.5
-0.5
-0.5
-0.5
-8.62250383501591e-14
0.5
0.5
0.5
0.5
-2.44054869098373e-13
-0.5
-0.5
-0.5
-0.5
1.19587425660441e-13
0.5
0.5
0.5
0.5
4.88001777749176e-15
-0.5
-0.5
-0.5
-0.5
-1.29347461215424e-13
0.5
0.5
0.5
0.5
2.64412292101242e-14
-0.5
-0.5
-0.5
-0.5
7.64650027951756e-14
0.5
0.5
0.5
0.5
4.80024406427567e-14
-0.5
-0.5
-0.5
-0.5
5.49037913625431e-14
0.5
0.5
0.5
0.5
-1.57810023367843e-13
-0.5
-0.5
-0.5
-0.5
3.33425799299106e-14
0.5
0.5
0.5
0.5
-1.3624881193521e-13
-0.5
-0.5
-0.5
-0.5
1.17813684972781e-14
0.5
0.5
0.5
0.5
1.12686074940654e-13
-0.5
-0.5
-0.5
-0.5
-2.37153518378586e-13
0.5
0.5
0.5
0.5
-9.31263890699454e-14
-0.5
-0.5
-0.5
-0.5
-3.13410543679868e-14
0.5
0.5
0.5
0.5
1.55808497805919e-13
-0.5
-0.5
-0.5
-0.5
1.74471409642613e-13
0.5
0.5
0.5
0.5
-5.00039662046805e-14
-0.5
-0.5
-0.5
-0.5
-7.44634772332518e-14
0.5
0.5
0.5
0.5
-2.8442754772048e-14
-0.5
-0.5
-0.5
-0.5
-9.60246886658843e-14
0.5
0.5
0.5
0.5
-6.88154333941554e-15
-0.5
-0.5
-0.5
-0.5
1.09787775344715e-13
0.5
0.5
0.5
0.5
1.46796680932169e-14
-0.5
-0.5
-0.5
-0.5
8.82265639120828e-14
0.5
0.5
0.5
0.5
3.62408795258494e-14
-0.5
-0.5
-0.5
-0.5
6.66653524794504e-14
0.5
0.5
0.5
0.5
5.78020909584819e-14
-0.5
-0.5
-0.5
-0.5
-1.82269534396414e-13
0.5
0.5
0.5
0.5
-1.48010373052118e-13
-0.5
-0.5
-0.5
-0.5
2.35429296141854e-14
0.5
0.5
0.5
0.5
1.00924513823747e-13
-0.5
-0.5
-0.5
-0.5
-2.25391957261679e-13
0.5
0.5
0.5
0.5
-1.04887950186853e-13
-0.5
-0.5
-0.5
-0.5
-1.95794932510795e-14
0.5
0.5
0.5
0.5
1.44046936689012e-13
-0.5
-0.5
-0.5
-0.5
-4.1140704683712e-14
0.5
0.5
0.5
0.5
-6.17655273215878e-14
-0.5
-0.5
-0.5
-0.5
-6.27019161163445e-14
0.5
0.5
0.5
0.5
-4.02043158889553e-14
-0.5
-0.5
-0.5
-0.5
-8.4263127548977e-14
0.5
0.5
0.5
0.5
-1.86431044563228e-14
-0.5
-0.5
-0.5
-0.5
1.21549336461623e-13
0.5
0.5
0.5
0.5
2.91810697630964e-15
-0.5
-0.5
-0.5
-0.5
-1.27385550414242e-13
0.5
0.5
0.5
0.5
2.51852993852174e-13
-0.5
-0.5
-0.5
-0.5
7.84269135963577e-14
0.5
0.5
0.5
0.5
4.60405298415746e-14
-0.5
-0.5
-0.5
-0.5
-1.70507973279507e-13
0.5
0.5
0.5
0.5
-1.59771934169025e-13
-0.5
-0.5
-0.5
-0.5
3.53044907310927e-14
0.5
0.5
0.5
0.5
8.91629527068395e-14
-0.5
-0.5
-0.5
-0.5
1.37432792984602e-14
0.5
0.5
0.5
0.5
1.10724164139472e-13
-0.5
-0.5
-0.5
-0.5
-7.81793213417223e-15
0.5
0.5
0.5
0.5
-9.50882998711276e-14
-0.5
-0.5
-0.5
-0.5
-2.93791435668047e-14
0.5
0.5
0.5
0.5
1.53846587004737e-13
-0.5
-0.5
-0.5
-0.5
1.76433320443795e-13
0.5
0.5
0.5
0.5
-5.19658770058626e-14
-0.5
-0.5
-0.5
-0.5
-7.25015664320697e-14
0.5
0.5
0.5
0.5
1.96969009870002e-13
-0.5
-0.5
-0.5
-0.5
1.3331089757853e-13
0.5
0.5
0.5
0.5
-8.84345414059765e-15
-0.5
-0.5
-0.5
-0.5
-1.15623989297335e-13
0.5
0.5
0.5
0.5
1.27177572920348e-14
-0.5
-0.5
-0.5
-0.5
9.0188474713265e-14
0.5
0.5
0.5
0.5
3.42789687246673e-14
-0.5
-0.5
-0.5
-0.5
6.86272632806325e-14
0.5
0.5
0.5
0.5
5.58401801572998e-14
-0.5
-0.5
-0.5
-0.5
-1.80307623595232e-13
0.5
0.5
0.5
0.5
-1.499722838533e-13
-0.5
-0.5
-0.5
-0.5
2.55048404153675e-14
0.5
0.5
0.5
0.5
9.89626030225647e-14
-0.5
-0.5
-0.5
-0.5
2.31317304425967e-13
0.5
0.5
0.5
0.5
-1.06849860988035e-13
-0.5
-0.5
-0.5
-0.5
-1.76175824498974e-14
0.5
0.5
0.5
0.5
1.4208502588783e-13
-0.5
-0.5
-0.5
-0.5
-3.91787938825299e-14
0.5
0.5
0.5
0.5
-6.37274381227699e-14
-0.5
-0.5
-0.5
-0.5
-6.07400053151624e-14
0.5
0.5
0.5
0.5
-4.21662266901374e-14
-0.5
-0.5
-0.5
-0.5
-8.23012167477948e-14
0.5
0.5
0.5
0.5
-2.0605015257505e-14
-0.5
-0.5
-0.5
-0.5
1.23511247262805e-13
0.5
0.5
0.5
0.5
9.56196175127525e-16
-0.5
-0.5
-0.5
-0.5
-1.2542363961306e-13
0.5
0.5
0.5
0.5
-2.04856267835472e-13
-0.5
-0.5
-0.5
-0.5
8.03888243975398e-14
0.5
0.5
0.5
0.5
4.40786190403925e-14
-0.5
-0.5
-0.5
-0.5
-1.68546062478325e-13
0.5
0.5
0.5
0.5
-1.61733844970207e-13
-0.5
-0.5
-0.5
-0.5
3.72664015322748e-14
0.5
0.5
0.5
0.5
8.72010419056574e-14
-0.5
-0.5
-0.5
-0.5
1.57051900996424e-14
0.5
0.5
0.5
0.5
-1.18611422104942e-13
-0.5
-0.5
-0.5
-0.5
-5.85602133299011e-15
0.5
0.5
0.5
0.5
-9.70502106723097e-14
-0.5
-0.5
-0.5
-0.5
-2.74172327656226e-14
0.5
0.5
0.5
0.5
-7.54889992396772e-14
-0.5
-0.5
-0.5
-0.5
1.78395231244977e-13
0.5
0.5
0.5
0.5
-5.39277878070447e-14
-0.5
-0.5
-0.5
-0.5
-7.05396556308875e-14
0.5
0.5
0.5
0.5
1.9500709906882e-13
-0.5
-0.5
-0.5
-0.5
1.35272808379712e-13
0.5
0.5
0.5
0.5
-1.08053649417798e-14
-0.5
-0.5
-0.5
-0.5
-1.13662078496152e-13
0.5
0.5
0.5
0.5
1.07558464908527e-14
-0.5
-0.5
-0.5
-0.5
9.21503855144471e-14
0.5
0.5
0.5
0.5
3.23170579234852e-14
-0.5
-0.5
-0.5
-0.5
7.05891740818146e-14
0.5
0.5
0.5
0.5
5.38782693561177e-14
-0.5
-0.5
-0.5
-0.5
4.90279626491821e-14
0.5
0.5
0.5
0.5
-1.51934194654482e-13
-0.5
-0.5
-0.5
-0.5
2.74667512165497e-14
0.5
0.5
0.5
0.5
9.70006922213826e-14
-0.5
-0.5
-0.5
-0.5
2.33279215227149e-13
0.5
0.5
0.5
0.5
-1.08811771789217e-13
-0.5
-0.5
-0.5
-0.5
-1.56556716487153e-14
0.5
0.5
0.5
0.5
1.40123115086648e-13
-0.5
-0.5
-0.5
-0.5
1.90156792361884e-13
0.5
0.5
0.5
0.5
-6.5689348923952e-14
-0.5
-0.5
-0.5
-0.5
-5.87780945139802e-14
0.5
0.5
0.5
0.5
-4.41281374913195e-14
-0.5
-0.5
-0.5
-0.5
1.47034369496619e-13
0.5
0.5
0.5
0.5
-2.25669260586871e-14
-0.5
-0.5
-0.5
-0.5
-1.01900517379245e-13
