-0.00149536132812500000
-0.00112915039062500000
-0.00009155273437500000
0.00155639648437500000
0.00167846679687500000
0.00000000000000000000
-0.00277709960937500000
-0.00463867187500000000
-0.00219726562500000000
0.00402832031250000000
0.00845336914062500000
0.00607299804687500000
-0.00387573242187500000
-0.01486206054687500000
-0.01516723632812500000
0.00000000000000000000
0.02105712890625000000
0.02978515625000000000
0.01171875000000000000
-0.02731323242187500000
-0.05810546875000000000
-0.04464721679687500000
0.03176879882812500000
0.14883422851562500000
0.25683593750000000000
0.30029296875000000000
0.25683593750000000000
0.14883422851562500000
0.03176879882812500000
-0.04464721679687500000
-0.05810546875000000000
-0.02731323242187500000
0.01171875000000000000
0.02978515625000000000
0.02105712890625000000
0.00000000000000000000
-0.01516723632812500000
-0.01486206054687500000
-0.00387573242187500000
0.00607299804687500000
0.00845336914062500000
0.00402832031250000000
-0.00219726562500000000
-0.00463867187500000000
-0.00277709960937500000
0.00000000000000000000
0.00167846679687500000
0.00155639648437500000
-0.00009155273437500000
-0.00112915039062500000
-0.00149536132812500000
