27
285
501
914
1161
1044
781
96
-652
-1242
-1829
-2041
-2117
-2138
-1811
-1383
-548
618
2091
3812
5687
7613
9454
11080
12357
13168
13422
4164
12061
10451
1955
2075
-3570
-307
2973
-2623
-2424
-10819
-12311
-4287
-13420
-13048
-12137
-10782
-9102
-7236
-5308
-3455
-1776
-357
743
1503
1882
2162
2102
2009
1743
1122
518
-239
-870
-1077
-1144
-843
-439
-239
0
0
0
0
0
0
0
0
0
0
0
0
0
0
0
0
0
0
0
0
0
0
0
0
0
0
0
0
0
0
0
0
0
0
0
0
0
0
0
0
0
0
0
0
0
0
0
0
0
0
0
0
0
0
0
0
0
0
0
0
0
0
0
0
0
0
0
0
0
0
0
0
0
0
0
0
0
0
0
0
0
0
0
0
0
0
0
0
0
0
0
0
0
0
0
0
0
0
0
0
0
0
0
0
0
0
0
0
0
0
0
0
0
0
0
0
0
0
0
0
27
285
501
914
1161
1044
781
96
-652
-1242
-1829
-2041
-2117
-2138
-1811
-1383
-548
618
2091
3812
5687
7613
9454
11080
12357
13168
13422
4164
12061
10451
1955
2075
-3570
-307
2973
-2623
-2424
-10819
-12311
-4287
-13420
-13048
-12137
-10782
-9102
-7236
-5308
-3455
-1776
-357
743
1503
1882
2162
2102
2009
1743
1122
518
-239
-870
-1077
-1144
-843
-439
-239
0
0
0
0
0
0
0
0
0
0
0
0
0
0
0
0
0
0
0
0
0
0
0
0
0
0
0
0
0
0
0
0
0
0
0
0
0
0
0
0
0
0
0
0
0
0
0
0
0
0
0
0
0
0
0
0
0
0
0
0
0
0
0
0
0
0
0
0
0
0
0
0
0
0
0
0
0
0
0
0
0
0
0
0
0
0
0
0
0
0
0
0
0
0
0
0
0
0
0
0
0
0
0
0
0
0
0
0
0
0
0
0
0
0
0
0
0
0
0
0
27
285
501
914
1161
1044
781
96
-652
-1242
-1829
-2041
-2117
-2138
-1811
-1383
-548
618
2091
3812
5687
7613
9454
11080
12357
13168
13422
4164
12061
10451
1955
2075
-3570
-307
2973
-2623
-2424
-10819
-12311
-4287
-13420
-13048
-12137
-10782
-9102
-7236
-5308
-3455
-1776
-357
743
1503
1882
2162
2102
2009
1743
1122
518
-239
-870
-1077
-1144
-843
-439
-239
0
0
0
0
0
0
0
0
0
0
0
0
0
0
0
0
0
0
0
0
0
0
0
0
0
0
0
0
0
0
0
0
0
0
0
0
0
0
0
0
0
0
0
0
0
0
0
0
0
0
0
0
0
0
0
0
0
0
0
0
0
0
0
0
0
0
0
0
0
0
0
0
0
0
0
0
0
0
0
0
0
0
0
0
0
0
0
0
0
0
0
0
0
0
0
0
0
0
0
0
0
0
0
0
0
0
0
0
0
0
0
0
0
0
0
0
0
0
0
0
27
285
501
914
1161
1044
781
96
-652
-1242
-1829
-2041
-2117
-2138
-1811
-1383
-548
618
2091
3812
5687
7613
9454
11080
12357
13168
13422
4164
12061
10451
1955
2075
-3570
-307
2973
-2623
-2424
-10819
-12311
-4287
-13420
-13048
-12137
-10782
-9102
-7236
-5308
-3455
-1776
-357
743
1503
1882
2162
2102
2009
1743
1122
518
-239
-870
-1077
-1144
-843
-439
-239
0
0
0
0
0
0
0
0
0
0
0
0
0
0
0
0
0
0
0
0
0
0
0
0
0
0
0
0
0
0
0
0
0
0
0
0
0
0
0
0
0
0
0
0
0
0
0
0
0
0
0
0
0
0
0
0
0
0
0
0
0
0
0
0
0
0
0
0
0
0
0
0
0
0
0
0
0
0
0
0
0
0
0
0
0
0
0
0
0
0
0
0
0
0
0
0
0
0
0
0
0
0
0
0
0
0
0
0
0
0
0
0
0
0
0
0
0
0
0
0
27
285
501
914
1161
1044
781
96
-652
-1242
-1829
-2041
-2117
-2138
-1811
-1383
-548
618
2091
3812
5687
7613
9454
11080
12357
13168
13422
4164
12061
10451
1955
2075
-3570
-307
2973
-2623
-2424
-10819
-12311
-4287
-13420
-13048
-12137
-10782
-9102
-7236
-5308
-3455
-1776
-357
743
1503
1882
2162
2102
2009
1743
1122
518
-239
-870
-1077
-1144
-843
-439
-239
0
0
0
0
0
0
0
0
0
0
0
0
0
0
0
0
0
0
0
0
0
0
0
0
0
0
0
0
0
0
0
0
0
0
0
0
0
0
0
0
0
0
0
0
0
0
0
0
0
0
0
0
0
0
0
0
0
0
0
0
0
0
0
0
0
0
0
0
0
0
0
0
0
0
0
0
0
0
0
0
0
0
0
0
0
0
0
0
0
0
0
0
0
0
0
0
0
0
0
0
0
0
0
0
0
0
0
0
0
0
0
0
0
0
0
0
0
0
0
0
27
285
501
914
1161
1044
781
96
-652
-1242
-1829
-2041
-2117
-2138
-1811
-1383
-548
618
2091
3812
5687
7613
9454
11080
12357
13168
13422
4164
12061
10451
1955
2075
-3570
-307
2973
-2623
-2424
-10819
-12311
-4287
-13420
-13048
-12137
-10782
-9102
-7236
-5308
-3455
-1776
-357
743
1503
1882
2162
2102
2009
1743
1122
518
-239
-870
-1077
-1144
-843
-439
-239
0
0
0
0
0
0
0
0
0
0
0
0
0
0
0
0
0
0
0
0
0
0
0
0
0
0
0
0
0
0
0
0
0
0
0
0
0
0
0
0
0
0
0
0
0
0
0
0
0
0
0
0
0
0
0
0
0
0
0
0
0
0
0
0
0
0
0
0
0
0
0
0
0
0
0
0
0
0
0
0
0
0
0
0
0
0
0
0
0
0
0
0
0
0
0
0
0
0
0
0
0
0
0
0
0
0
0
0
0
0
0
0
0
0
0
0
0
0
0
0
27
285
501
914
1161
1044
781
96
-652
-1242
-1829
-2041
-2117
-2138
-1811
-1383
-548
618
2091
3812
5687
7613
9454
11080
12357
13168
13422
4164
12061
10451
1955
2075
-3570
-307
2973
-2623
-2424
-10819
-12311
-4287
-13420
-13048
-12137
-10782
-9102
-7236
-5308
-3455
-1776
-357
743
1503
1882
2162
2102
2009
1743
1122
518
-239
-870
-1077
-1144
-843
-439
-239
0
0
0
0
0
0
0
0
0
0
0
0
0
0
0
0
0
0
0
0
0
0
0
0
0
0
0
0
0
0
0
0
0
0
0
0
0
0
0
0
0
0
0
0
0
0
0
0
0
0
0
0
0
0
0
0
0
0
0
0
0
0
0
0
0
0
0
0
0
0
0
0
0
0
0
0
0
0
0
0
0
0
0
0
0
0
0
0
0
0
0
0
0
0
0
0
0
0
0
0
0
0
0
0
0
0
0
0
0
0
0
0
0
0
0
0
0
0
0
0
27
285
501
914
1161
1044
781
96
-652
-1242
-1829
-2041
-2117
-2138
-1811
-1383
-548
618
2091
3812
5687
7613
9454
11080
12357
13168
13422
4164
12061
10451
1955
2075
-3570
-307
2973
-2623
-2424
-10819
-12311
-4287
-13420
-13048
-12137
-10782
-9102
-7236
-5308
-3455
-1776
-357
743
1503
1882
2162
2102
2009
1743
1122
518
-239
-870
-1077
-1144
-843
-439
-239
0
0
0
0
0
0
0
0
0
0
0
0
0
0
0
0
0
0
0
0
0
0
0
0
0
0
0
0
0
0
0
0
0
0
0
0
0
0
0
0
0
0
0
0
0
0
0
0
0
0
0
0
0
0
0
0
0
0
0
0
0
0
0
0
0
0
0
0
0
0
0
0
0
0
0
0
0
0
0
0
0
0
0
0
0
0
0
0
0
0
0
0
0
0
0
0
0
0
0
0
0
0
0
0
0
0
0
0
0
0
0
0
0
0
0
0
0
0
0
0
27
285
501
914
1161
1044
781
96
-652
-1242
-1829
-2041
-2117
-2138
-1811
-1383
-548
618
2091
3812
5687
7613
9454
11080
12357
13168
13422
4164
12061
10451
1955
2075
-3570
-307
2973
-2623
-2424
-10819
-12311
-4287
-13420
-13048
-12137
-10782
-9102
-7236
-5308
-3455
-1776
-357
743
1503
1882
2162
2102
2009
1743
1122
518
-239
-870
-1077
-1144
-843
-439
-239
0
0
0
0
0
0
0
0
0
0
0
0
0
0
0
0
0
0
0
0
0
0
0
0
0
0
0
0
0
0
0
0
0
0
0
0
0
0
0
0
0
0
0
0
0
0
0
0
0
0
0
0
0
0
0
0
0
0
0
0
0
0
0
0
0
0
0
0
0
0
0
0
0
0
0
0
0
0
0
0
0
0
0
0
0
0
0
0
0
0
0
0
0
0
0
0
0
0
0
0
0
0
0
0
0
0
0
0
0
0
0
0
0
0
0
0
0
0
0
0
27
285
501
914
1161
1044
781
96
-652
-1242
-1829
-2041
-2117
-2138
-1811
-1383
-548
618
2091
3812
5687
7613
9454
11080
12357
13168
13422
4164
12061
10451
1955
2075
-3570
-307
2973
-2623
-2424
-10819
-12311
-4287
-13420
-13048
-12137
-10782
-9102
-7236
-5308
-3455
-1776
-357
743
1503
1882
2162
2102
2009
1743
1122
518
-239
-870
-1077
-1144
-843
-439
-239
0
0
0
0
0
0
0
0
0
0
0
0
0
0
0
0
0
0
0
0
0
0
0
0
0
0
0
0
0
0
0
0
0
0
0
0
0
0
0
0
0
0
0
0
0
0
0
0
0
0
0
0
0
0
0
0
0
0
0
0
0
0
0
0
0
0
0
0
0
0
0
0
0
0
0
0
0
0
0
0
0
0
0
0
0
0
0
0
0
0
0
0
0
0
0
0
0
0
0
0
0
0
0
0
0
0
0
0
0
0
0
0
0
0
0
0
0
0
0
0
0
