-0.00101955892407069046
-0.00065255563728391084
0.00040432153191682566
0.00154680883851784239
0.00168035385481241605
-0.00000000000000000196
-0.00277670657191815681
-0.00415446275048169528
-0.00169993772383667885
0.00402808043882074522
0.00845070298371066939
0.00607046404166685597
-0.00387098195557225274
-0.01436517348355667578
-0.01467361728483655009
0.00000000000000000798
0.02107520378572750805
0.02978972907394649913
0.01171935673280114810
-0.02732117678633463886
-0.05812427795715576634
-0.04415493856538225959
0.03175871620101571036
0.14931951643540891661
0.25682768876447192863
0.30028488991522439555
0.25682768876447192863
0.14931951643540891661
0.03175871620101571036
-0.04415493856538225959
-0.05812427795715576634
-0.02732117678633463886
0.01171935673280114810
0.02978972907394649913
0.02107520378572750805
0.00000000000000000798
-0.01467361728483655009
-0.01436517348355667578
-0.00387098195557225274
0.00607046404166685597
0.00845070298371066939
0.00402808043882074522
-0.00169993772383667885
-0.00415446275048169528
-0.00277670657191815681
-0.00000000000000000196
0.00168035385481241605
0.00154680883851784239
0.00040432153191682566
-0.00065255563728391084
-0.00101955892407069046
