-0.00100708007812500000
-0.00064086914062500000
0.00039672851562500000
0.00155639648437500000
0.00167846679687500000
0.00000000000000000000
-0.00277709960937500000
-0.00415039062500000000
-0.00170898437500000000
0.00402832031250000000
0.00845336914062500000
0.00607299804687500000
-0.00387573242187500000
-0.01437377929687500000
-0.01467895507812500000
0.00000000000000000000
0.02105712890625000000
0.02978515625000000000
0.01171875000000000000
-0.02731323242187500000
-0.05810546875000000000
-0.04415893554687500000
0.03176879882812500000
0.14932250976562500000
0.25683593750000000000
0.30029296875000000000
0.25683593750000000000
0.14932250976562500000
0.03176879882812500000
-0.04415893554687500000
-0.05810546875000000000
-0.02731323242187500000
0.01171875000000000000
0.02978515625000000000
0.02105712890625000000
0.00000000000000000000
-0.01467895507812500000
-0.01437377929687500000
-0.00387573242187500000
0.00607299804687500000
0.00845336914062500000
0.00402832031250000000
-0.00170898437500000000
-0.00415039062500000000
-0.00277709960937500000
0.00000000000000000000
0.00167846679687500000
0.00155639648437500000
0.00039672851562500000
-0.00064086914062500000
-0.00100708007812500000
