-3.74261748162619
1.06937037804396
-1.9734919473324
0.697856297504377
-0.977506983018643
1.87622230374204
-2.64910792963146
-1.19235893647077
0.657470305830607
1.18102819533557
-0.118903302529558
-0.887210805896551
-2.06174836762734
0.264310468786795
-2.2637646773656
4.06522754407781
-0.435327345973467
0.984796326262973
1.0445762374038
1.4833945895229
-0.842687830000221
3.06518625929097
0.433099066670473
0.37480879928247
0.458074378496967
2.02866092319866
2.13698296819913
-0.271234201732035
-3.55833387424809
-1.58553896300224
-3.09990918277018
-2.53782762094612
0.728141980628713
-1.58569847355965
2.40456561666913
1.11721414788662
-1.17318316036683
-0.0706519427177719
1.6692704897744
0.459131299487439
-1.24972383770696
2.94921616479009
0.423014067678796
3.16142580342819
2.13552055460026
0.350860632235253
-0.481585451019519
-1.68773093505792
2.53166733262079
2.44716889238767
0.0652864074454624
-0.990793733156336
0.240905374135333
-1.30606311788255
-0.685224875615256
-0.531586486159289
0.218765378503741
-0.106735755650568
1.90837740092687
-1.52753710175607
2.10655905488725
2.01373565294882
1.02391742035121
0.546570065387122
-2.25046060765668
1.36288572749827
0.111553981669803
-0.743370537715693
1.1375069746203
1.230242486467
3.72189076359755
0.359729199697443
-2.82452402942587
-2.77551653403431
-2.23087057725644
-2.26579056682614
-0.975983474851326
1.6852933632714
-1.07779692843355
-1.30920678804381
-2.88094794529126
0.763306041652565
0.193415193010527
-0.618009892377689
-0.0178839117644327
-0.856651041289795
1.07307224346065
3.78321154117794
0.770777969584393
2.04369485100853
0.904289038680961
0.174908757502566
3.96510957339204
-3.00147930288047
-0.887083565697856
2.4301750941626
-0.446444609495732
0.954099718687797
-0.77223341074178
2.57253163446298
1.58704637865963
-0.949101137305331
-0.488843400186674
-1.1009743779229
1.19823373092986
-4.21025530347991
1.57620496496793
-2.95642418333764
-3.74872900819717
-0.492114329349128
2.31437692063733
2.97174282114363
2.43844027056689
-2.52914929657968
1.6510633697777
-0.964844732237989
-4.47433340808159
2.01885740550439
-1.96745963523285
-2.23575932989192
-3.05249561034248
-0.579131215534668
2.33976976273414
-2.57575501454555
3.29551974119228
-0.970236381295545
-0.375731759754231
0.889658076207076
2.85315964757388
-1.50993533140521
3.2874697934494
0.947646354126949
-2.4733674908181
-2.65445379569708
-1.32633319725659
-1.05117600809345
3.42877964787693
-2.6770194941408
5.32875373168214
-4.9120150702535
-0.49186055890439
-0.680383556267679
0.477673677216604
0.765070801793694
-1.58505484203778
0.739587645097848
-3.05842928191806
-1.52218020283389
2.69535001201048
1.66166731104141
-1.84729229715225
2.71346318456111
-0.323814554169648
0.0755246056978968
0.846290291559496
0.306251269985306
4.11751596107334
0.121588544354814
0.244980148782149
-0.512848672034568
-2.54920512059132
0.689257262013631
0.988699909230589
0.974155755898499
1.1041085197343
1.78520446377839
-1.37583695884557
0.994311859981515
1.07512946194093
-0.788794556961138
-0.0486617038206736
-1.44686006600279
0.692385834470582
-0.606673599013534
3.40927791383304
0.828868259590761
-0.543049705824573
-1.29171826737727
-4.73894813266428
0.398557366749342
-1.39451951078479
0.413188435382513
-2.67578153395998
1.39188021775663
-1.18631081447988
0.722056937058945
-1.36089325321696
-0.124502943669588
2.15237355579289
0.121624763222844
0.575241638048897
2.22486457494405
-0.789430282198754
0.81748353194457
1.89681059760868
2.02819811478057
1.12661638818645
4.7635098052214
-2.2631492550093
-1.49874708797671
0.521732970770162
-0.806356115213417
0.874403295435018
-2.4447605178869
0.141488536899526
1.52052238616183
-1.79632274288115
-0.607218942843714
-3.59424283502928
-1.4825413140235
0.542823518562128
2.2986816839872
2.23077385659622
0.45677729765375
-1.0738410163776
-2.54768887951292
1.40653362879139
0.672402352449943
-0.998790898341549
-0.436025627875772
0.127571172255727
-1.3612314286589
-1.2096807138114
-0.504706422546939
-1.00794646468048
2.4671689495475
0.415644745099638
1.02689759408374
3.83385486180092
-0.657470018150724
-0.52364171844553
-2.3407235468851
0.834666405700246
-0.865071722857969
-1.33779234525415
1.16147174433664
-2.45356494791202
-4.58777925257341
2.98140805659667
2.37244645827452
1.19697255797706
-3.27222137862953
-0.720652936656431
4.06678874900306
1.45582442815744
-1.28049031834649
-0.994525027831289
-0.643349433695556
-0.54221392046764
-1.7489697168503
3.55484807431793
1.73540590725879
0.681530221398563
2.72268672026869
-1.68099401237952
0.0853301485332643
0.181512507667665
-2.08172720237928
1.19849503596698
-0.351407769506702
2.2639703563183
1.23898309867108
-1.02083747846042
2.54614893987786
2.06335652718511
1.60640109344473
1.56022262977476
-0.682311253082469
-2.61286297555946
1.18541915236526
1.56583581083777
1.7962831386101
-1.8642210240348
-1.0387921216689
1.43161946085809
1.30497569029257
1.51932804621519
-1.55149917018382
1.48035707075501
0.701942736613323
1.28725861300372
-4.38192263485757
-1.61375563629899
2.74001618329438
1.9846334127239
-2.99372480917901
-1.31298632430351
-4.19629499205841
0.344119973876621
-0.212777490947957
-1.23740313358058
-1.57735937902625
-1.53140698237742
-3.14382488066136
-2.52830041169909
0.85957395209735
0.390626596376653
1.98124946146096
0.928475926572094
-0.237500345670768
-0.572634749193717
-2.42437711124795
-1.12682195974006
-0.308831612917666
-0.638879026996412
-3.23814459717321
-1.50363001863309
-1.94931233769495
0.596365287970305
-0.138210655659957
-0.977261778183826
-1.8619350860364
-1.80627565779198
-4.02734043738621
2.42964304517659
-1.73384882610019
-4.41545190931544
-0.681398560875908
1.0086101298376
-1.567974471872
-0.491389403800743
0.168573019903346
0.145845948035881
2.01054220379731
-2.67111366555292
2.21170809432371
2.58810510163765
0.968723382555996
-1.63446473043583
-2.16120061411536
-0.861500997646639
-0.765977585906295
0.515433087989085
1.66151321225466
1.70813446918536
1.8026842052747
-0.0846013342767456
-0.263732952085178
0.275744997168634
0.799723927357581
-1.78576509686433
1.19861514541313
-0.0942790331884161
-3.15963302795488
-1.08746111023945
0.135602651856132
0.782404415153985
1.10085224984847
0.633786718490113
1.36191995965755
0.402587000349625
-0.733620703603826
1.88498961353888
0.0894294882495519
-0.142283803721832
-2.06441465633056
1.42978839497883
-1.36174583363158
1.53405531376757
-2.28449267574327
0.410162098132691
-0.712882732572511
-0.159564466569746
-2.48704673837043
-0.995542426319914
1.7048376744068
4.10001934706678
1.23494238005589
-3.29449880565581
-0.831865602793575
0.742083781856233
-1.22573402024563
3.66508861414506
-0.107667889392098
2.28521991209188
0.507992759321405
0.129960456990294
3.26114602591223
-2.13992145819837
-0.884381782495636
-2.79284670412146
0.492537479868307
0.765356461402667
0.948549094761797
1.89020494692486
-2.29150791217165
2.54258151252759
-3.28452906092662
0.963668576961568
-3.4387160458106
1.43846823702638
0.438574498119307
2.14063894298114
1.20628515930404
2.29163925416872
-1.05744667938664
-2.82572756951233
-3.56603573743159
3.60792993302933
2.01557120603688
1.35697534333978
0.935813800785786
-1.74214360946896
0.243630876195001
-0.474166895007212
0.809389639705963
-1.00570258962368
4.39526411012567
-2.21523028138419
1.39385593930866
1.16918449511668
-0.499904038221277
5.44394478780988
-0.776347653971611
-0.228626588605464
3.88630313441668
3.01297135614672
-2.64932813626474
1.98477433604076
0.756362102841514
0.965800443086884
-0.994393309130193
-2.34391655716672
-2.43275111022418
-2.0901838016697
-1.0789914501344
-2.0979043705281
1.79235706228875
0.438885096412371
0.399624712347375
-2.16689054320173
1.29743697107131
-4.46535247219859
-1.14387774334532
1.05897461881235
3.56065975700996
-0.737344759384648
1.54456690929502
3.99506119967659
-1.11205626508234
-1.24798720969467
4.11498365516048
0.209623633617909
2.02843221899422
0.547392421966863
1.33284020936936
1.16948952509194
0.777130253044484
-4.96339125420444
-0.94555623071094
-0.806717825952765
-1.56802309544722
-1.3858557725958
-0.906185462466489
-2.14276608870017
0.0790661502530888
-1.40892359363206
-1.35463634849739
-2.90404563623426
1.56156457110098
-3.2857199639489
1.41656546642881
-0.0055698025458682
1.12847195351159
-1.15877067540635
0.954853643632029
1.67112397464906
0.399910281467345
0.290437655363007
0.0528545011158364
-0.236827567461362
0.289946520025491
-0.638678723490477
-3.07965658506575
1.89674696893254
-1.13991655204232
-0.17618248347566
-0.292772591503414
1.13093412314456
2.67159203781559
-3.88628607860341
0.51297657037578
-0.721995900183231
-2.43774159217846
-0.63879480184498
-0.286352895243287
3.96748492828682
-2.60500684672617
3.43568482403963
0.0493109531989409
1.47922888406616
-0.76464844704469
-1.87346766588801
1.1707551858762
1.39603132939262
1.63509006533204
-0.423431492427015
1.76318041537029
-0.354090532205046
2.34364071769732
0.257511274403796
-0.442717854531335
-3.00787350519677
4.08226935721044
1.27961007239582
-0.737431588472496
0.361835405548653
-0.564233776585188
-1.1145382190644
-1.46069193648262
-2.77048192742261
2.4423068614984
1.54142889473135
-0.347125304910852
-0.68213383379611
1.78711592151086
-3.28636877992204
-5.07858362431943
-1.52787017401506
-1.71174294670883
2.4981881065382
-1.51763215611305
-3.04811077445735
-2.71722366310228
-0.877809337658766
1.24100186356941
-4.57732409934049
-0.931401176922115
-1.36654496632416
2.07267891001311
3.68180576052522
0.963185450104323
1.31355922958095
-1.13593620092614
-1.82736553857379
-0.155198546424027
1.34027308089706
3.93676936483498
0.47736805134866
-1.74141023552872
-1.7328396501975
-1.99736196210422
1.14405591026979
0.678895858081265
0.262885034216625
0.855960263690987
-0.166340270906181
-0.957113558549371
0.779404647385239
1.04393958424956
-1.82925836167717
-4.13807067706421
-1.16667913741778
-2.05837437428953
-1.60156561282261
1.73663548186415
-1.34908380548332
-0.197113715059922
5.10740718719315
0.0409756518714474
-1.76919973784014
0.389237450840886
-2.56449731013513
-1.3541473945067
-0.971108116612966
0.0210212170523413
2.14667860937135
0.278965725234158
-0.34688730762813
0.405699819232769
-2.13551497750227
0.73043267752784
-1.11762477817792
0.873207129275894
-0.632794320989102
-1.61510486503858
-3.06426522057179
0.285143362084202
0.825341570343437
-1.03170959279103
-2.42774305507762
-2.07538299394563
1.83279556854694
-1.31517579184604
0.503580015870263
-0.0283873772968275
1.77230107523829
-0.981037865759608
0.0350676699534553
3.08342675786821
1.31284196541715
3.89557948152798
0.417050935536617
1.22904213356776
1.9711299391993
1.73914604167314
-1.6605702858611
-3.6565283861937
1.03697922202313
-1.51299649126091
3.79008231593012
0.967390498106928
1.25382969573719
1.29459280994854
2.05389094580694
-0.534436112650153
-0.11705485740112
0.395900890090002
1.88379435423888
0.877138193420239
-0.927354485358097
1.69809511088339
0.496092437860846
-1.78265541868982
0.0556414931158907
-2.01338521077618
-1.32128751940802
1.05934151950645
-3.39282196999959
-2.54285298295836
2.49257682191956
0.753550399473407
1.14929115212019
1.86136898439828
2.2314226429452
0.536725811721819
1.50842859356428
-1.34051995373174
-0.527597538339708
-0.584590801202006
-1.21408234593756
-0.933133215659628
0.799464117642922
-0.410441159549431
0.27494840283466
-0.703356993806373
0.111861795501736
1.70415847545279
-3.06109983190477
2.42502051402917
1.01661950929898
2.53339694245145
1.88564162003375
-2.21870651155356
-0.229419074526461
-0.834574366326855
-2.55665694411696
2.83914301867464
-0.622161771398761
-0.426633668305509
1.64587290759927
-0.239307300084821
-0.225560834455135
0.81946571902923
1.17468796292392
1.45056600935288
1.04901182428148
1.48611549773706
-0.709625190795802
-3.12521342754714
3.50762093164305
-1.05551264446383
2.80742600396104
2.74876923664479
1.60832976138862
1.21375563023219
0.356361704520748
-0.320764596185936
-0.770046016035898
-1.13089583247536
-1.0417674629568
3.02293577498564
-3.6594035149309
-0.366492702615776
-0.708459608238834
1.62676930243663
0.466862147405276
-1.71245896674136
2.29860774718607
2.82353085893484
0.507873636541559
0.210523917011953
0.675170393161561
-0.804549475987912
2.47499773203613
-3.30145982217554
2.62809049758613
-1.38208356152668
-1.46118052915854
0.287297802752023
0.607386052020341
0.976242705387583
1.07871157095868
-2.38671989260685
1.24945846109496
1.21597764120375
1.25521783580585
0.317877133270429
0.531141821186488
-1.5029197383487
-0.0197735979239456
1.4232188625551
-2.65727792397302
-0.699626366786497
-2.35845752734076
2.37954443178921
0.812113864972464
2.30798764514793
-0.6611992014159
0.991856418547667
1.07264979988776
1.8300821384052
0.439585396155939
0.939892699888901
-2.90895599703955
2.1832085404812
-0.879942244912227
-1.21182644714639
-2.96054813962652
0.174979431198344
0.13873836672988
0.623860652753286
1.13924852311062
-0.536388745356998
1.90986017084066
-0.805651447333017
-2.15117370433455
-0.733220798375505
-1.2333679765884
0.283372789900816
0.762728403396978
-2.00597637989896
0.523536196444014
-0.910762127445023
1.61171539931202
-1.30024870329785
-0.154112403167893
-0.902539017537283
-0.459618157347654
0.933841685712167
-1.30971739334925
-2.45974497667261
-1.74641755576025
-2.39654478569723
0.844426278703855
0.362512512314182
1.31007013969161
-1.3906254801794
0.614875895841047
-1.02839963275505
1.08221662282667
1.01045763628519
0.345890780166202
3.41726477641823
-1.89145001884737
-0.380575212941987
0.01141620208657
0.333248079297357
1.32440257413296
2.54884928633957
-1.18504585617644
0.291499234144401
-3.5828091921143
-2.93431998681484
0.238197054297623
-0.0390151912015099
-1.11563680883819
-2.79549519587941
-0.676279563671465
1.95058876138901
0.638366294576998
-1.48645074598722
-0.0728705627201621
1.9223351437
1.22093446295475
-4.0635360160557
0.419004734222818
1.40956792918351
-0.286376889633926
-2.03649323038484
0.276557876174876
0.782548664967104
-0.839115157319696
-0.56316831814365
-0.0192083677372919
0.786462457337499
0.633615935492904
1.133657841716
-0.527313194122535
-1.54259127134059
1.43635335503986
1.18307891551228
-1.60494248840889
0.867595184914362
1.13427152847221
-1.16208366933279
2.47374011677236
0.270247305557912
-2.48132533528167
0.555224345389539
2.03855965479522
-1.29153163342283
-0.443832439295206
2.42856684465961
1.39682474193158
-0.4404960806122
-0.741066561547631
0.776095047035843
0.856859077555648
0.558443311731614
-1.26645603252209
0.14140373521476
0.902171221928121
2.6039962224632
2.40970145153273
-0.254857890590355
-0.489299166125364
-0.565337136173777
3.41676617547731
1.94457712429694
3.22787633103975
0.253689961542867
1.35869722166078
-2.99920279886679
-2.27816532351389
0.244673461663416
-1.64813502015211
-2.79269840557734
-0.383993889315995
1.8292576323637
-0.966073324268044
-0.448364048968493
4.04270005598375
3.06532672407287
-1.37411268041898
0.0247731021296054
-3.97943008972255
0.901883537547233
0.168785081331037
0.675454268618338
2.39166903761793
1.018613915648
-2.50755002493211
-2.87901698519947
0.328182984415902
-1.11910047193641
-1.67827977142589
-3.99569612959633
-1.31001178897746
1.51572276117034
-1.16438699420972
-0.00978855247454782
-1.13526181816753
0.401772944166977
-0.242747110212561
2.18251502589715
-1.92188742852057
0.648452530885993
0.268877558593547
-3.11170461385417
0.559372952717361
-1.8727673152424
-2.38988014614132
-0.143123828662484
2.09062564893722
0.888085230243161
2.67735071920617
-0.740365359549562
0.0121569683289348
0.908351061674464
1.56831442553173
-1.21060903182356
-0.736482453175733
-0.181627739308312
-0.116652310579143
0.551389623209738
0.713629607704343
-0.664687536976908
0.378336799378094
1.5530094675294
-2.13279227878063
-0.926168744024239
-4.21754176000601
2.26610057019438
1.78542578960197
-0.877672989261837
-0.87157234597965
3.84915853827497
0.355362280650924
-2.82893848772942
2.19355872464256
0.758062913099954
2.18830338104736
2.33155734641022
-4.18549464805403
-0.450487486752612
4.2517257220624
0.0482607975083282
-0.989224375563722
0.135187276551995
2.32389963890952
-0.148997325593997
2.7914936484084
-1.42948198362229
-2.32618554458256
-1.31418309673062
-1.00414007552943
0.369524713441975
3.43212273313946
-2.35647895208662
-3.26862647766807
-1.43629731923772
-2.94711056736257
0.300327741360673
-0.16427443971411
-1.61637118123526
1.00849509861528
-2.54090790652163
-0.449749414077005
0.471935456517112
-0.384180494755445
0.146358744786096
-0.778136714774801
-1.04537842094947
-0.489937827064108
0.0276464457977774
-1.00183789944982
0.134893403777925
1.52915260914093
-3.8766021397867
-0.861762532375621
0.152524149253793
-0.128627306989648
3.30740030050386
1.59296176807812
1.00092889204634
1.30294782828323
-1.83602655682977
1.17066961542843
-0.551116904473156
-3.48889150313797
-3.82853485287048
1.32686134221663
-1.15544338730185
-0.0420952253030568
-0.597521144059705
-1.8496955778459
-0.954466003792989
0.7400346987313
-3.98869068164573
0.544131071887989
-1.61691808384946
1.61867840285876
-0.0954472593624781
-0.271264694184079
-1.72860218947064
-1.99990467647989
2.00898933458269
-1.86655802602379
1.82989642356316
1.86961815314769
0.162913159338126
0.900285849134485
-0.702553527412886
-0.931421125942196
2.29941751572432
-4.69248067384212
-0.728600229949414
-0.404738240830761
-1.3917404415368
2.45327964461024
-0.0850232678768651
0.941402461591365
-0.823714609455846
0.556867988284634
-4.35405089784686
2.20492686922456
1.29160796876662
-1.30123623883994
1.68669991382292
1.79463626284302
-2.23486118112759
1.1931966557955
0.526453668531241
-0.946179909164193
-0.159126149271817
3.3042418979392
-0.322695411499245
-1.26211343770548
1.07554547920468
1.8514598576585
-0.100556760795369
-0.407751617263312
1.92133653198947
2.9984206799275
-0.404831933650326
1.28713010948682
-3.36582060855698
-1.25039596028798
-1.16570536839026
-2.46444478811643
0.0716531863163119
-1.49262363539961
-1.82934247528832
1.97443611709705
0.160385611761212
2.03061374368914
0.540641957880979
3.30077465342088
1.10003792743746
1.1591912816588
1.66685470052298
-1.55260333596918
-1.86793507232241
1.91333109827671
1.60612999163896
-1.451660460583
-0.189499888634335
-0.0253346577789979
1.03406990357068
0.609662611576635
-2.60828381616115
1.69463623302386
0.171056863698325
0.353217112934519
0.543361768996224
0.362980940233772
-0.485605546393549
-1.77569939251604
-0.523986144354795
-0.742027815791139
1.47640563968872
4.27639066538582
-1.24308401818165
1.4996462779484
0.766754772673089
0.274342136523503
1.33393363173443
0.839712872385053
0.205852035355745
-2.29253211852368
-1.38472607194216
2.46649553559076
1.43043681211279
0.835177773531845
2.35313042408232
0.796049695024034
0.137291448091824
-0.534504667107271
-0.905757693171646
-0.141306290631195
-2.68341865641271
-0.508916953664359
2.44050403271006
-0.303421003486576
0.314060472162778
0.487526028890681
3.91116330537938
-1.86280002394589
-2.41982837505845
1.13869887033489
1.45980498047072
-0.967312699740862
-1.63234333624198
-0.336569873800303
-1.26909880130466
0.884205075469399
0.357720495561505
-5.92480528649297
0.220419371418328
-1.75251332070869
-1.33571361026172
0.396037529483763
-1.10319337356133
-2.38021415445456
-0.352511749706592
-1.32692141461619
-0.772074416802185
-2.9875857003683
1.58820481617778
-0.416149220375938
0.203980425965824
-2.14199593098726
-0.279968230862436
2.28225024399247
-0.146641299384534
1.99949259836259
1.00519448578942
0.313206225607525
0.0306057558061086
-0.505144814651031
1.74213126446017
0.965401488762379
-2.36199733765411
2.48009602290307
0.0571250871492033
1.2975619791728
0.907362879687792
2.23626183822703
-1.68902463641824
-0.334286002263265
-0.548911404091662
2.62104793977225
4.12896916408335
-0.638757962501911
0.784189738289354
-2.48879528959756
-0.215543621529471
-1.65599963587063
0.821123912926462
3.59424737885735
-0.0593880299869861
0.689247760797115
1.76203454109451
-1.68101670544591
-2.85866762825117
-0.0637045619115994
-1.53559245403824
2.39588180106265
2.54641838654311
-1.20319165694572
2.28674971329168
-2.34000366563753
0.686595489925152
0.104751004111343
-0.0483127556375857
-1.00119809912284
-1.83556463244549
-0.546717653665675
0.900312575821298
0.573601355569886
1.84388424351473
-1.12507655412433
-1.64817476386778
0.313226926469323
-0.789455792166282
1.68236630177197
-2.5792629487323
-0.919242721966678
0.164553178230794
-1.00791434615847
-1.75400099434959
1.90753226668944
1.58606318541982
3.01499642787431
1.13674843105141
-0.984005147113799
-0.490044212042334
0.638732550493386
2.09382525813142
-0.340026447343467
-2.98456830291654
-1.79119231154713
1.1489911306357
0.00843397370892065
1.66005201721689
0.762230875383073
-2.51859426726884
2.22805679767514
-2.22546581437334
-0.146665715964373
0.233553741904377
0.748568264195101
2.56607452354987
1.86216846708098
-1.75570258223252
-1.70766149237929
1.8177759068753
1.11793717117309
0.320375310471754
-0.0784762218918529
1.05411121719411
-0.83097514499359
3.82325905623682
-0.0779801775500026
-0.0566202879474295
-0.660674133842364
0.415220407592801
0.25298310950739
-1.61114371584672
1.65500977730339
-1.20842744073501
-1.57387506546278
0.840809267870105
-0.836812898037554
-0.521498703971873
-2.59238521868153
-1.13419801941767
1.11050434329897
-0.394550494412961
-0.0874412749313414
-1.77807762239787
-2.99738382316778
-1.48333155345176
-0.954830230897719
-0.779809812203482
1.88957407845833
-0.537563415271098
2.30755212722001
2.69605470683473
0.264190242302492
-0.944020293162052
0.191122097280148
-0.748656250986187
-0.400489019831584
1.26775201625176
1.38475192245183
-2.28812076253758
-1.9962703935937
2.23549981755728
-0.88341908398666
-0.985495893617216
2.70232471977176
1.38645558528362
2.20384950198345
-0.915992974586491
2.90465625948789
-0.791993628179167
0.21152348773582
-1.52136583316819
0.279050597016955
-0.517190406721491
0.825804086385621
-2.0421095225949
-2.04762795483355
-1.64596872169533
-1.34705982405259
-1.52207042919807
-0.991821597330456
-2.85501245418775
-1.59003162726189
-3.70287031017089
-2.90415304797411
0.756658577165395
-2.04605907812993
-0.239813641568858
-1.31497216772761
1.43125191932419
-4.17590127932513
0.0239987448301413
2.75457603931452
1.60888500525774
1.19066549617347
-0.728120559028341
6.01926588989439
-0.173177736441186
1.83487563209299
3.05228631819409
-0.472057730114254
0.0483237257218261
-0.63997787524614
-1.80113398756517
1.29847517298234
-0.145591485622424
-3.36671274121047
-0.0823651947520616
1.96000202418047
-0.349099735976583
0.773829137737205
-0.302358683900806
-3.62856295468822
-0.93724500842023
-0.366275380332167
-2.69071736334682
-3.38811325924449
1.33659392789796
0.68939065983775
-1.39199341308829
-3.02738610308851
1.91541250489898
1.70641338045327
-1.06170644584464
-0.128002617467177
0.854939370735475
-0.463774690340904
0.284218875891118
3.3364825550905
-0.00658446069743885
2.24617971841029
1.6093146073282
-1.33246527051171
2.24725516120638
-1.09324082123022
0.784512812461609
-0.0529832720253653
-0.633857519072414
2.00445228101394
0.904771263752274
-0.280755154242254
1.50277510034461
1.1366600393322
1.31439130416713
0.00487904621604555
-3.30208097873698
0.622586616566922
2.08730317143765
-0.797534391870129
-1.11796783859285
-0.17323618959128
0.932372744212399
0.602600535644288
-0.743599077329913
2.70763169558277
-2.35524006861387
-2.47294956917257
4.42369111623124
0.611359420273775
1.86908674060915
-1.50985281143451
-0.270375367547054
3.11299631058197
-0.138695644792118
-0.928408383667961
0.111999293045728
-3.95267864432925
1.59735761659252
-1.01187720909947
-1.78831087570386
-0.868227978738073
-0.577043340619955
-1.23648022100121
-3.56852412499412
-1.43217942278711
-0.128080950182115
-1.73844288481801
-1.02657958912072
-0.615805494846346
0.26647412564939
0.128085277279988
-1.0911725825679
-2.10209489252005
-2.1887924158938
0.693344495609409
-0.849828559737624
1.07742235430526
0.961478361865144
1.66032621328556
1.11244592760858
-0.521605264049259
0.11281422902119
0.520153741390129
-0.151907735162265
-1.79039276919914
-0.83695367253466
3.21373319106016
-0.769359607533473
-2.06736078610228
0.231573817416529
-0.687072944215327
2.84640823292351
1.05144927157694
0.874033778558796
-1.15156191430594
1.76542409871673
-1.40564585137023
2.18237354896167
-3.91468264352464
2.64520964435068
-1.25141812441456
-0.328303508444386
-0.255660300038711
0.554559155240495
0.518480737494055
2.87637218706765
-0.146253695767802
0.448432717511819
0.99871717894271
0.464566044997662
-0.434712507029079
1.06716568065877
-1.64376865055273
-0.685400542111115
0.900932365180667
0.053865136028447
1.14198519143582
-0.901817109350081
-1.46179435269895
0.0587612372086988
-0.366629568701023
-2.57542059899254
-0.0501355382630744
-0.139720893862415
-2.7490243421912
-3.70557134695619
-0.935167785893516
2.89926641641965
0.751086604241758
3.5575400499206
-1.75191409809582
0.142085021456016
-1.99677009558851
3.02950394263026
-2.1667676585603
0.316261395626948
0.864853409404501
-1.87490074315327
2.06622042829061
-1.17899156569487
-2.35566394221843
0.21452793236455
-0.397269791281044
0.080134511281657
-0.832844371708206
1.94499962002356
0.13596954685082
1.07805457057924
-2.61089415285294
2.07711873829351
-0.969218242936475
2.17926437365221
-1.92717965949428
0.191912287132888
-4.39012851842593
-1.11805627763444
1.38797597815073
0.466090280498401
2.05785254239305
0.8525222618511
-2.20924806379786
0.76497333531291
-0.0749086174182856
3.20204921743033
0.942081699591289
1.75244924205948
0.868382757263911
-0.787932072808304
1.2751541531707
1.40871949429579
1.65960021182958
-0.41308405367593
-2.52919982117588
1.13243417997731
-0.925749264734993
2.17517892405858
-0.882802034258019
2.48518770393803
3.18274680909949
-1.78000737580369
1.00588083863038
1.75910400728054
0.604810352906808
-1.64370819260438
-2.37638418071153
2.17954231020342
0.660081794674788
-2.80787640337447
-1.9997957778373
1.8198374054808
-1.10353024183474
1.7253415202922
1.74023252255603
-1.39729459113522
2.01497873315745
1.41431237556779
-2.73894353887593
0.57669188228614
1.44853077880546
1.67681647690962
-0.781486224766354
1.66837279840892
-2.32440682934898
-1.78982635249557
0.239209410354152
-0.281680764505055
-0.784992097625095
1.6738208796806
1.42331042864909
-1.09022370444317
-1.05875649832449
2.31791139771558
0.92329926088563
-0.848920553311952
-2.30884433083836
0.417481363053525
-0.932716401674283
-1.95802046289263
-0.185509789266784
-0.00384444243610233
0.186458404502316
-1.13365085655404
0.188700581750423
0.0916473101895921
-0.15858338167937
0.158119210360495
-0.64164991684973
2.37821146844939
0.971707200681677
-1.42366809743315
2.72513802200147
-3.28718941045735
-0.844353224865701
1.4322679749894
3.12175981171039
-1.06303390059582
3.70753187071842
2.75798636259735
1.67249059893921
-0.319304643910292
0.0910927691450354
3.21650471271931
2.47009607849153
0.561612589290372
0.334872296732582
2.77212936306111
1.1732275127172
0.0797752115930373
0.330537193260738
0.965162861409372
-1.04443078607501
-0.750079906547435
-1.3799192852698
0.623390218169906
-0.320097487981005
0.846078361714907
-2.16085911077972
-1.29872097814339
1.72215862216488
0.539285548936276
2.60199401246283
1.88390302845664
-0.0118448232769473
0.937453285830433
-0.131845210225523
-0.539651702335473
-1.70032843626412
1.12823629890279
1.27208122237599
-0.38626755714755
-0.250070240713603
0.378554109722713
1.46777521288532
-2.25134176424131
-0.199428530857998
0.979606943849212
1.00313624538467
1.40951446101973
0.538304001974215
-0.534463923796699
-1.01716840864162
2.37212551038711
1.17090632912098
1.68099865181052
2.48078114677524
0.226767890082424
-0.551815959958696
0.428575780661789
1.11935874170952
-3.14201665547373
1.54213008564146
-3.00046251465883
-0.196543105452839
-0.406382798687123
-3.46397497624533
-0.809994421732705
0.886448738669343
1.48437042857414
-1.71725766397549
-2.32578648484142
2.4154592560935
0.149004825734856
-1.10978745464768
-0.560070893574696
-1.10816790386504
0.501307355823662
1.18547983226998
-2.93684900774121
-3.48963549535018
-0.0796757859985586
-0.697940621831368
2.49679778155899
-0.395310325910867
-0.506613871108181
-1.86050720302
2.60622258689905
1.97904913554851
-0.591376780166394
-0.657043091270016
1.30376925434629
-2.12407116447817
-0.797090197995545
-0.981143888448632
-0.211247455291566
4.4731786809564
-2.25451672170662
-2.68185405061458
2.90828239040256
-0.0970875391620259
1.11445015153809
-1.93086736791833
-1.31652176174893
0.29337255171681
-0.79463677917477
2.75722012858519
0.973418897539688
-0.812085119200542
-1.1977636518724
-0.69204806905252
1.26077494205989
1.06713833456936
1.42870197704738
-2.02757234211024
-0.667632594493245
2.01502793952848
-2.64205809883734
0.815622986311199
-1.82303578819979
1.50144684900971
-0.574257987855585
3.14603821281175
-0.348330453793758
1.18847730631311
-2.00108084733366
-0.712427659187585
0.621828497900852
-4.54990872531966
0.0369082679247423
-1.29161223881579
-0.794695990334155
0.356725458792232
3.29347095542347
-2.13504022257919
-0.583899838286516
-1.00450399880152
-0.806470656757316
0.585825330507855
1.36787474488769
0.146691344478463
-1.77915750577592
-1.31415196079066
1.42246426854822
-0.198477284945512
0.61960612648915
1.71050512577124
1.24219122414397
-2.70853657248429
1.50985565235459
-0.92712498020579
1.04900723504871
-1.09903881281204
0.578566940168703
-2.29274683163813
2.74493784240413
-2.61267172758873
-2.62013294419511
-1.87689451310316
-0.0872235748925182
1.54092512194747
-0.00236943585845425
0.468433842430311
-1.74576157403217
-0.62745543979962
0.891319696740146
4.00632077363709
-1.02699682266609
-2.8235285450988
-2.03115075784944
0.885073326602174
1.871533968528
2.33652732138315
1.97524107969863
0.545586856043631
2.18006093387398
1.28383994396599
0.705268416709422
1.72116838903916
-1.68521877164844
-1.40387216654057
0.0453845141214453
-0.776110259643435
-1.26709011325153
2.03744619168839
-0.725137869353912
1.30082383957427
-3.11163859672821
1.50344863511179
-1.01619382946772
-4.02022253453626
-1.09925538688108
-0.474430785978996
1.83589870751616
0.732523349474114
-0.941786684253362
0.331393597813869
-0.452982670733734
-0.123595733968713
1.47833144802954
1.23069104177453
-2.76712248660742
2.27224640188356
1.77546948420149
-0.18885497397742
-1.59372260347592
-0.374501296019247
0.373142523868462
-2.64496678775627
-0.731289567703818
0.0100180465028552
1.09397742766246
1.71160267687477
2.16389863303707
3.10793449626408
-1.55189254398463
-1.86327449574029
2.37900212605104
-2.62895758208603
-1.45946309609483
1.89974624690689
-2.82450015120399
1.33438746539877
1.90235645432052
-1.97236781601342
1.48969859141041
-3.14290151719034
-1.16942481290882
-0.0470829884617297
-0.534739460977778
0.619017596441422
0.281269965392884
1.5416567891299
-2.09366233337514
-0.878665979409997
2.51740216342751
0.816989982781885
0.454115439946003
-0.0208296919141225
2.57558653074382
3.72894681255835
-2.20055615266367
0.432451605502329
2.23913699711643
0.763689891938972
-4.76401506998474
-1.37342107895248
-0.8150183780498
-0.451643080321304
2.25699242383171
3.62113832517065
0.851184648848907
1.64967238285684
2.20119846738708
-0.911019543707237
-1.22430136803228
0.248874413657222
0.960353693140273
-2.11898500371801
1.3959878420393
-0.378717722295531
-1.05872912117914
1.82464153266132
0.198786408125528
-0.592561683778758
-0.577590313863578
-0.620560728944299
1.78555327558984
-3.15826379011611
-0.850373133001008
-3.46240812153027
1.71933277880362
-2.49799838624872
-1.47255009122857
-1.7566811178867
1.86448129717445
-0.114491046094516
-0.422065412361115
-1.05072139392844
1.49193327849644
-2.49187686905392
-1.18218986105893
1.07184850468975
-2.8979493569904
0.0272228255710552
-0.846716953572427
3.10365949486252
2.01793276963101
0.0261973019650075
0.607849161048803
-0.460462102215899
5.60988081344196
-0.346571757683848
-3.58227260212899
-1.05204488140723
-0.808014385752966
-2.83507460643057
0.498717197150227
2.47445497461
-0.917157625240583
-2.3042531510523
-1.30883658949671
0.584066081248883
-0.228415570022905
-3.48174579473681
0.999519212652916
1.03646590182324
-3.21653046475183
0.293808466563935
1.34308688347934
1.005236596677
-0.749354906421218
1.61816553726874
-2.3356285396022
-3.50928255057825
1.79618133015634
0.1941164212157
1.21387685735204
-1.5901797143976
2.86933357433835
-1.04918269292562
1.18121353718934
-2.00272308230483
-1.77227910036343
-1.61261113488103
-0.500572361943198
0.797908358230222
1.80995643564064
1.77616883160555
1.06679482969136
1.04579972905264
-0.458888277937506
-1.06350242166827
-0.142907130706033
0.956356597964327
-1.05849024873707
2.97288323545706
2.80252506009137
1.38811172325806
0.925586444212612
-1.55189123432164
-4.33507563064007
-1.43594518200638
-2.41531868402937
1.36926731767088
2.89619214561871
0.520581215870726
-0.731541267269509
-1.79549911860619
-0.974142108554363
1.2460039365535
-0.05218176191854
3.34348691003645
-1.5416301603484
-4.79351355062473
0.25397040696467
-1.82711919298326
0.939116796713178
0.266194358695404
2.71230665130127
-3.26642230011832
0.807776794576412
1.23502922982553
-2.31398769694011
1.88685422301647
3.94531843915552
0.35476865087604
1.85013158317496
0.342047382006521
-2.69858497057122
1.01603760697507
-0.908389179676803
-0.601608929248981
0.861514915188795
1.40186265922168
-2.9449043152145
2.89183962443141
1.23304700246578
-0.424614135141312
1.71557083986584
-1.71410936697493
0.0963078064872069
1.56061033940512
-0.641971426318776
-0.440506187230891
-1.56536754978509
0.511065190731712
-0.519703482979404
-0.343961043880733
3.05030047732343
0.895101518267698
-1.00436449797416
0.84540128694487
-3.43666234934128
-3.2216981137116
-1.10516736659628
-1.77544028009285
-0.804410888114556
1.50791529765267
0.589369140341616
-3.26327286870671
-0.59368753858474
3.29977029172527
-1.35463905523811
-4.96172846768793
-3.89678538863134
-2.20279943508766
1.23255347766888
-1.1184149783666
0.412326438492396
-0.341676590665959
-0.83467770335594
2.61593121884428
-2.60578101094211
-2.42532857958499
-0.561571704525003
1.63887597944816
2.02647722347046
-3.60103733558265
0.995769936799825
-1.46296113875393
-0.533847313666897
-3.48944445553161
-0.707467163726008
-1.58706407223437
-1.38426226003727
2.56721864204393
2.05065833278098
0.942209914688923
-2.1689262616404
-2.20891976963214
0.516849096324417
-3.49311140010888
-0.174681680851998
-1.36954036316113
0.651939788648925
-2.15390697012626
-0.332058050035565
-3.19810588770348
0.118229511811376
-0.421661925469109
-3.10718726581746
-0.358277299475853
0.17420648904022
-1.60200145090704
1.43263228441959
-1.23161075522752
-3.35772683085166
-0.680322220335976
-1.74608306852258
-1.28458764854803
-2.72246313688895
1.44206344657192
-2.45970258711902
-0.247718180831172
-0.529375440694189
0.938355049601635
-1.76346960515101
0.702685157059374
1.59948416103443
-0.437043433953705
-0.7789664885905
0.78583163260819
-0.205258419136023
3.34515257999506
0.223225251717579
-3.6827324779316
1.22344077743032
1.18566760692097
-1.93581231364091
-1.17561074788121
1.43024159815798
-1.76552158045854
-1.03289609240686
0.387400870876103
-2.0853881633712
0.408958592670582
-0.105195125335514
3.09520115389991
0.767774089904285
-1.11316796933307
1.55986863562373
-0.890856545813043
1.86883630586272
-2.75637099308906
1.84874290586019
0.729560795161408
1.074214494285
-0.751255661439626
1.31062550164578
-0.139908062959254
0.55948964278274
-1.18325267402872
1.33338660520851
-0.135016212938463
1.39119556167545
1.28946751913993
-1.71066996626444
-2.28569623810731
-1.81779606687023
-1.66701720908111
-1.94102719484325
-1.49822397386675
-0.131942805400398
-1.31643151893907
1.70698243127398
0.573048665728466
2.01799919080649
0.784237913793836
1.14284047001016
1.01311266569974
-1.71943014956621
-1.25995179674247
-0.155517056599246
-0.305738619319137
1.48448329264501
-0.524086465554965
-1.88603452614784
0.613256654985179
0.464076151029922
4.42174938918337
2.4755098288403
1.04666688894214
1.90563277765926
-0.439386382223602
-3.11696725626821
1.98944580446323
0.227878866619041
2.8398325049639
1.79034932581166
1.50747447329153
-0.613947067296691
1.56381907267042
-0.701215117341459
0.481622453497537
-0.114613483745427
0.577610178055627
4.16997708878534
-0.256142915164214
-0.712896221134833
2.33933793502323
-1.19767426136446
-0.0625021754065915
-2.19430665711527
0.56966197198961
0.915687326775242
1.01251955765504
-0.00714276959657392
1.08787020584826
-0.871663595188309
-3.0714122172744
-0.991010049598114
1.42640277877241
2.67437261043638
1.63541018978771
-0.990940532334204
0.619999144543522
-1.93567459559087
1.06811113909904
0.73447316433843
-2.71061286358081
-0.55325643105654
2.91066609073034
-3.56108029032089
-1.16678827523314
-2.79546352125765
-1.86911334327659
-2.94091723559403
0.656924703138546
-1.66478948769131
0.174772200664758
1.12080753413741
-0.571687711442649
1.11617240665779
-0.376340485730939
-0.512183421242191
0.60835534898264
1.7422180667403
-0.609377322654461
2.92926209640882
-2.21262409529216
-3.77826802626507
0.401090275552414
-4.12750290818445
-5.15256835372724
-0.288326862644033
0.203201274391134
-0.745114689931119
-0.640945086546372
0.808150947753178
-0.849152324694293
0.210794876957431
-0.745435709890568
-0.86166026242662
3.11531569411862
3.34530666728047
0.320787641489315
1.41605576196576
2.23053346024052
-2.8191359281212
-4.30391007508308
2.10807060194746
0.0798177955229487
-2.56415090902761
1.22785000976866
1.3010396547782
3.36384038110079
-0.38612150623394
-0.371567118758789
-2.02507535698742
-4.59762550120871
-1.26210909313777
2.0234431392824
-1.92202311262153
0.41294751748821
-2.63593331161408
2.57767047785046
2.27310906336175
-1.53272732306087
-1.87886333403256
1.71912192587668
1.89312035774733
1.62359424149383
0.0474070487746353
0.555499925984359
0.832098972382371
-0.764823671892864
3.47618675769723
-1.6605124360335
-1.31303674289913
0.0522244980528053
0.144959349041296
-1.92642559501882
-2.2726643578653
-1.30522735926515
-0.655853525105911
-0.0413980168823492
-2.31188878862075
-1.25691091908851
-0.844457247371892
-1.8967306137252
1.76858921838386
0.915893971903621
-0.621528264899402
2.81956938845366
2.06139744949451
-0.245943431351632
1.82610050338801
-0.390477247469809
-0.847286112127894
-1.51111958041174
2.37688604801211
2.74825407332589
1.90785633897897
-0.244668814540494
2.39978429820233
-0.187034617660405
0.375545282447664
-0.0582760338843406
-0.776246423229246
0.49576469319275
0.460854181711986
-1.80709445527838
0.27152102711887
4.69680551620251
0.882635310710547
2.6078988826057
0.513829093495341
-0.684135384754511
-0.367414206279744
-2.52798270662153
-1.38161396435993
1.48488756274522
1.01525201604219
-0.313420033386838
4.92914082846792
3.12878811635404
-0.0491925491090074
-0.246816616051532
1.19161812823652
-0.945708649260771
1.93240173715929
0.426969556024871
0.882251125856217
-2.12157159297487
0.275379490448992
0.585924941172606
-2.42646689413803
-2.15430008764796
-1.98519862663161
1.30277298972204
1.27371646706976
-3.17563368968632
0.21832916062544
-2.88661744485613
0.0376658970370968
0.708668707560411
-3.50172122993204
2.36436216780417
-0.12124220306513
-2.14389059755956
4.33122442361286
3.40930562383901
0.682562844672726
-0.349099717651502
1.76989477224706
1.5745593094157
-4.31093755747521
-1.62742831597679
-2.5666124458326
-0.924397398059307
1.96889574253813
-2.67137187050994
-0.789368450901479
1.19752406745907
-5.34789442528314
2.64464882664685
-3.73197570868346
-0.206211159805013
-0.42230434010685
0.24354346203218
1.21635713918678
-2.76268086102426
2.1834563003729
-0.0621164102704744
0.31375848602547
-2.1144525807294
-0.0878376034788796
0.616590938156982
0.191264658667339
0.843429733498061
-2.1794688140305
-4.00955212140192
-0.166283147213075
-1.98521753189986
-0.197078289918499
0.643824718918389
-2.57185829015866
-3.18461592228018
-1.71624068017467
-1.55363812857214
-0.401284053812664
-0.50706781807138
1.80891640187157
-0.264084578866473
1.31096833602993
-0.474493197737786
-2.32811452555035
1.25566508429485
-1.30814134771844
-2.82164557845247
0.847111825057237
1.05860496150732
0.813503388382108
-1.33120771936836
0.0357089923584328
-1.40121391366075
0.202086234016605
-0.812212412245161
1.22110588893078
-0.351074159051116
-0.857706350907123
0.358288281763916
-2.29353792851976
-0.389794218284258
-2.09068793504908
-0.948877460331732
1.9254208547343
0.41130203167613
-0.793278740824406
0.695643298624701
0.512946943986308
-0.72313170528531
-2.24380317087879
3.19117638308873
0.0889742096802982
2.92831128272281
-0.0837686070274958
2.19833911694785
1.05749925285077
-0.0131653383630155
-2.84637021743502
-1.31305272545277
-0.62365777951131
1.74740672456043
1.6218078311974
0.488580011050631
-0.135655786923651
0.914643822613152
-0.967330065114079
1.82876812119605
-1.28459311778135
-2.62598814994532
-0.227198423794182
-2.65751122741221
0.551719639893879
2.2290981382209
-2.49417989943385
-2.99402024089039
-0.434479094767475
-0.151431323195178
2.07169678686198
0.569215594136568
0.759447042353732
-1.38156379565098
-0.0292083385033096
1.88495090651955
1.24017461733792
-0.464083873152775
-0.568713692785312
4.2724566939925
0.677755773230551
-1.10683737760804
-0.769596480937638
0.299786781291789
2.42492455115729
-0.493889512568999
0.288288488528395
3.02051407455269
1.91911132171055
-0.84092975855329
-1.64972992280147
2.20541271838675
-0.0455807976010065
-0.199725506936121
-2.44338618819742
-4.72003244743411
-1.56646981284518
2.5240916648941
-0.878080182812752
-1.51969256661578
-0.62773830118214
1.24531688918098
-1.3811500712149
-4.24573572134985
-1.29133635699869
1.97898200595286
2.37212185429321
2.05519613709912
0.831583649601421
0.318945147044957
-1.89655456229722
1.26332202881773
-1.36161388011611
0.841892791432961
-2.43429957329471
-0.211312882688373
2.23342391156627
-0.549661391899057
0.724163766244716
-0.120432165603151
-0.748574459008183
0.453360510199835
-0.893264874946409
1.01757120691688
-1.24573299513381
-1.43284772834341
-0.766106053326977
1.73489935221177
0.86714242819873
1.62256035515321
3.86368203411752
-0.639335895042759
-0.974106258253889
1.51873864670961
-0.326504155222388
1.04987038261328
1.31015574226104
1.47163208480981
-0.220537713292724
3.47667412507956
-0.247071918588327
-2.67865961765098
-1.12107298562344
1.40563611787992
2.49327625328813
-0.634251340933494
3.07274954504249
0.252432396370995
-0.939428578762223
1.81595069518306
-0.623008261765431
-2.15236318045177
-5.16507355434235
1.31316537002297
0.96546593077586
-1.75510192392016
-2.13214011111507
-3.96045443595346
-1.48788766139251
-1.02562257687342
1.62654016271021
-0.284730722620801
3.72222069343677
-1.19494446295021
-1.98179499396388
-0.458931792465196
0.323994686490429
0.291069626122711
0.29654302890255
0.764711172288079
1.02883903113456
-0.589755470333373
-1.91112329660339
0.167754597881795
2.02878011361785
3.85263150937341
-0.255912141571004
-2.42152575789649
-2.87184282897072
-1.25526406364872
-2.299968632904
-0.597553416393152
-2.43084953054144
0.748734616529551
2.90235750826593
2.14759950410962
0.26369077568599
0.679780882863457
-0.41300013333084
-1.9782914354227
-2.24306042011334
-1.20467437651575
0.41525197709992
-3.0892389310599
-0.691909865069662
0.344006126537892
0.729065864495932
1.09224355133446
3.81704854088112
-1.03749901003516
0.988262446407352
-2.86567846758003
1.66900825448699
-0.91317482463111
1.37131362320683
4.89382475819099
-1.47455359221866
-0.601818102700451
3.13337392558135
2.53899767800246
0.782029707763162
-0.743379482920082
-1.39946431012889
-1.8085748561169
-1.46176216915456
0.498771063621016
0.508831019134715
2.96026963867076
0.0864868903778678
0.943032523438138
-1.23131989463091
0.28755684726195
-2.21163709624745
1.28218867495251
-2.62276175299732
0.222993028150872
1.83483548164041
0.698708981180627
1.05342806489532
-0.861669298505913
-4.78821023625786
-0.857211056354892
0.703525965047064
-2.73574680496109
-1.45754347806373
2.9345917033519
-0.195028723921771
0.127041472966554
-2.6751336845449
-0.0836465836411026
1.68837969835822
-3.14206515883191
-0.704656175291064
-0.558135746017089
0.681105314567609
2.39500973763896
3.04795373479155
0.928464482887967
2.75129973901268
-1.09272974821403
-0.454678234173063
-2.00771384712142
3.97672742492239
-3.32000681214501
0.828461898398447
-0.679979541978183
0.799217389234884
-2.8124687422939
-3.1756624365871
0.539503476482536
3.50532377648738
0.863717967159223
1.12689374068289
-1.29703728826456
0.59348334179243
-1.10205506553548
-1.20844613184407
-1.60999211477404
-0.619023521358982
1.53153770348559
3.96410451044541
0.488638631500184
-0.281998397847269
-2.52405807917281
1.43426938441026
1.05375079072154
-1.55962326188414
1.51135232929085
2.36353056632046
-0.878178476219235
-0.0402206164741354
2.65946572831322
-0.47239860705698
1.00998811286523
-0.710741718388048
-0.00368467955222807
-3.61095930539229
-1.84749758411737
-0.0894638704851413
-1.30727258105222
-3.37056981124516
1.08342355150616
-0.852729026183523
1.33571072608032
-1.74332440608504
-3.97866195098695
2.68667989054539
-0.728403907920861
-0.110053859334575
-1.19522768572563
-0.648918985737048
2.44203914610747
1.9499753481768
-1.27289644218193
0.842933289466861
-0.695419525715596
-0.492323745858565
-0.86316125761729
-0.919424999617847
3.09964150356827
-0.282554177622021
1.36635524907723
0.366463487628626
1.13445127448297
0.181676865012668
-0.701274279806115
-0.183866411540464
3.75128176956694
0.295088162516524
-1.14937631946849
-0.553813531288759
3.15196021668759
-2.12736458351792
-0.270681381995389
-1.3951988734269
-2.85657149566785
1.1641976277035
1.11591883687457
1.35005659913064
1.47950138820744
-0.86668019473117
0.614450545855637
-2.5737612649227
-3.84801292773773
-0.307045992243105
2.65694737158426
-2.58647269932696
-0.853237797637628
2.92434288639444
3.78089168759674
2.72042702215617
1.20339944016492
-0.764556958205941
1.08561378202633
-1.0614339887825
1.97907081753055
0.364437107860193
-1.64801100562103
0.197206123808224
1.58810093423331
2.82840057655442
-2.53180299374153
-1.33424822237322
0.593882397463689
1.43039829366957
0.486732067686362
-0.663070736819735
6.50187765168261
-3.10067472675745
3.06822913247584
-0.280450657344984
-2.19118038381375
-0.713273685067192
1.9145273942526
1.57485235945499
-3.45496106385801
1.44620045876722
0.761335293925669
1.87135443157402
2.99516676777382
-4.34278364030907
2.2972493297578
-1.27893054480364
-1.34172322353906
-1.56333496738384
0.387859235419016
-0.625270347793965
0.655200232828988
-1.38574569498256
2.97956968571495
0.305596630271294
-1.99984773498921
0.370796736256409
-0.206116084290416
1.91655214177086
-1.21435827104592
1.64646647463087
0.892258165287639
3.17499648031243
-0.119201334446225
2.43145388601122
-0.380381329215525
1.59619638889396
-2.21860033713267
-0.823323594338877
0.0741198793047498
1.08046794361044
-1.47376914590411
-0.816474100827544
-2.09802980759565
4.78573458570112
-1.35836757406283
-0.36366367486563
-3.08637458547928
-1.91454340952283
0.0824488188529702
-1.47915658508825
0.571646084692134
1.94433873056233
-0.72060927082482
2.03801168439954
2.04973480625016
3.14404121984629
1.08661717742906
0.0820187189755579
3.54126917753913
1.2770373863035
-0.143943090011295
-0.760013915989362
-0.387338204195476
-0.449744449059138
-1.40350807400633
-0.0571543900705652
1.06170780848541
-0.183074301525624
-1.83855820322097
-1.08548561346732
0.898968319458854
1.34787663268436
1.35015424121133
-1.43953667152601
-0.879999580384872
-2.22892915324047
-0.691198580099363
-1.84809385518157
-2.0790973882732
1.30624394041271
-3.53532610086937
-0.480883463187302
1.12365727275755
-0.0140879968419849
0.397012859978897
0.600365267603955
5.3682278919664
-1.09259570594447
1.05478758500067
-2.08323615573307
1.77006160489338
1.30518314686465
1.77000657384229
-0.712561593847196
-0.758749376862336
1.58029461935114
0.898801960928409
2.76797542101445
1.48925874318419
4.70519078057089
2.64338307960521
-2.39070139748892
-2.65530404112897
-0.849326852664663
-2.2847905747618
-0.501155880415728
2.05292589075161
2.18435888038136
-1.17268132349245
2.37569064860756
1.04921208574549
-0.245056260639942
1.44426854762049
2.45077455434616
-0.559609294253976
-0.0422968636928923
0.311056204930691
-0.651301027389651
0.853632210721924
0.883879356480759
2.26201646148132
0.157495732756219
-1.35808998341631
-0.148239467434075
-0.179993469463579
-0.785705706939933
4.60744286412207
-0.628479005442346
0.107332340747546
-1.16248289473898
-0.0140410435446596
-0.657353541768777
0.132432104162626
0.458812781655958
-0.523044037377109
0.516469012163993
4.78540682158782
2.14458630819766
1.40036256866366
-1.66074152819774
1.21916942598813
2.0091222354157
-4.03646222423326
0.479028992569596
4.6841132606043
-1.72692878965692
-1.95031492974615
2.39452984171208
-2.73389628409829
-0.821993377990873
0.639737974967597
-0.608979676331099
-0.185921451778804
0.175202826577069
-0.904452994443338
-0.0297189371321138
-1.97407680715626
-3.66957062757297
1.93145939803395
-3.4760856225643
-0.94076711898963
2.88022567555922
-4.01811088654048
0.249062091941854
1.76876574163459
3.1864670195782
-0.136506468856359
-0.42930375665178
-3.62176263982872
0.474415852574816
-1.41548193602824
-1.35918755060246
0.577565154901406
-0.282778130694974
-1.08650015797275
-2.17872754389889
0.181282418990954
-1.55604486204849
-1.39256729839503
0.688465000637884
2.28541509484267
-0.651236616214815
0.285251363720479
-0.850755904039599
0.0217556625991408
-1.76785313882438
-1.59815849941909
-0.693168330127491
2.48907985110116
-1.37092577018138
-0.834819270609251
2.50634460274646
-1.82587794312982
1.0444765405504
-1.46011434124791
-0.105775610052931
0.387606456956474
1.15569773640523
-0.322892033155801
-1.18744568126317
-0.391037725921367
2.09628115016341
3.40221790097532
0.578751842238609
1.99106593799711
-1.47525440598478
0.510468388142464
2.0417389548298
0.153072814911975
-0.682327741650752
-2.17799685612688
3.10907969358285
0.376735716803671
1.38927782301217
2.97202639063198
-0.290980240939485
-1.45533684992791
-0.135557403393076
-2.9699714140344
-1.72973729308309
0.274339369871773
-0.318590611040868
3.01664942426583
1.3715826396876
0.297480708236858
0.775817304318075
0.564071625101713
0.464494536344749
-0.0660439181599349
-1.59816747397557
1.38109915215756
0.432944909653034
-2.00552540079641
-1.28218255675132
-0.518766774728251
-1.62738503747523
0.374017450688032
0.158461420688459
-1.84369110723567
3.27815408739825
-3.5599321763243
-0.828921052243372
1.48358865795918
2.97866073589463
-1.8677817404622
-1.08433215314212
3.17858489698994
0.621736766587024
-1.69228663631859
0.507932558821399
-2.81279591615754
-2.78648257764691
1.04242677270166
-3.26661572919166
-0.677490101971131
2.13466541442444
-1.64092037180004
4.11353468148748
2.06668521992106
-2.88878788158801
1.75184283014429
-2.63169638416366
-2.01421795303567
3.4151741431051
1.80132142997186
3.61138456993658
2.22879003877014
0.484220628921866
2.73774636709743
-3.02539391296713
0.918888032275099
-0.773900241849548
0.105576685274868
1.99074711811414
2.85136597221341
-0.873133596130301
-1.68276594603826
-0.379629891092664
1.29681382607714
-0.258695026338485
-0.16478366032737
1.30636264728968
-1.21490856973235
1.60445684482034
1.21992904582002
-0.431970677764832
3.19120243665068
-3.26337818475984
2.59964008071759
-0.0506253591243515
-2.25654890242519
0.543324444783507
-2.09925148070359
4.26333538873684
1.11480849352928
-3.37703078496669
-1.33743166721531
-0.01549404738324
-0.832878316791717
0.911589257744511
-3.4596351601338
1.81853464260368
-2.857014003983
-1.95705612085573
-1.34770900502679
4.52906642769891
-0.776000011093293
2.39237539647556
-1.80053509338145
-0.181327723251455
2.79858572549985
-0.939801084679794
1.40102399456833
1.45604033417393
0.888855088541672
-1.72373626081445
-0.576252793361375
1.07222418032259
-0.665501542572819
-0.72721894587391
3.46546045537047
1.28427360037462
0.610729525093553
-1.66002799724485
0.975740908605
-2.98991890860076
1.37130163384945
1.15632414419953
0.342131911536161
2.77682805828605
-1.41014735269735
3.23134724077598
-0.0450790818007885
-0.911088219501414
2.91187714378463
-3.33626668739971
-2.06439774621516
-0.124219080198646
2.34385770397587
0.961832436145625
0.8309062993918
-0.764569335610258
-5.63544894962818
-2.87381495322539
0.131764568178418
0.00287061801134221
2.02401530743421
0.939090715595838
1.44868266654013
0.721995649310636
-0.630113969292832
0.821635396292594
1.12484191116081
-0.721907318484489
0.511305967373794
1.5828094331224
-0.543104016920695
-1.464545894808
3.50804131798673
-1.42501083266488
5.30312619475904
0.251204651311447
-1.44753053542298
-1.09830833338679
-1.54592542584335
0.603073709826279
-0.556204113182291
-0.719193098478575
-0.266177034383828
1.31822639165009
1.65200080763576
-1.3598939037515
-2.7741124400105
-2.09759817064684
-1.77662538700411
-1.21546026736693
-2.27160735404866
-1.15795392136692
0.415322156887227
1.10301506995865
0.0894772699515993
1.09976938547704
-1.5668491563225
-1.07987719918964
-0.678236227962199
-1.43632504962003
-0.636985908441089
-0.28242257034657
-2.02026982425219
3.25629379822755
2.37747520313855
2.43347445119212
1.60258164542687
-1.43664355538271
0.726650624727402
0.210943302117065
0.886285816092338
2.86230023060118
-1.04537727925061
1.910109131773
1.00743291376589
0.904465034817221
-0.267943624874964
-2.32186633329758
-0.759683587713844
-1.5986409659048
-0.639285682287655
3.17181812627009
-2.7781527433045
-1.25690708569595
1.68858974606754
-2.20389582389876
2.10951906509458
1.20685581119487
1.86514090452192
2.9192334380565
1.60503655424789
-3.32145464400248
0.139122967894178
1.50794449137059
-5.16124259124657
-1.25433506115863
-0.239116873104812
-0.0995175808388107
2.2389240331624
-0.795796651513432
-0.8020079906393
